<TICKER>,<PER>,<DATE>,<TIME>,<OPEN>,<HIGH>,<LOW>,<CLOSE>,<VOL>
RIZ8 [SPBFUT],240,20170119,080000,109370.000000,109370.000000,109370.000000,109370.000000,1.000000
RIZ8 [SPBFUT],240,20170531,080000,102530.000000,102530.000000,102530.000000,102530.000000,2.000000
RIZ8 [SPBFUT],240,20170531,160000,101150.000000,101150.000000,101150.000000,101150.000000,2.000000
RIZ8 [SPBFUT],240,20170607,200000,98500.000000,98500.000000,98500.000000,98500.000000,1.000000
RIZ8 [SPBFUT],240,20170614,080000,98760.000000,98760.000000,98760.000000,98760.000000,2.000000
RIZ8 [SPBFUT],240,20170614,200000,97470.000000,97470.000000,97470.000000,97470.000000,2.000000
RIZ8 [SPBFUT],240,20170615,080000,95880.000000,95880.000000,94210.000000,94210.000000,2.000000
RIZ8 [SPBFUT],240,20170615,120000,94240.000000,94810.000000,93860.000000,94810.000000,13.000000
RIZ8 [SPBFUT],240,20170619,200000,95910.000000,95910.000000,95910.000000,95910.000000,4.000000
RIZ8 [SPBFUT],240,20170623,080000,94240.000000,94240.000000,94240.000000,94240.000000,8.000000
RIZ8 [SPBFUT],240,20170623,120000,94380.000000,94380.000000,94380.000000,94380.000000,1.000000
RIZ8 [SPBFUT],240,20170626,160000,95950.000000,95950.000000,95950.000000,95950.000000,3.000000
RIZ8 [SPBFUT],240,20170627,160000,96080.000000,96080.000000,94000.000000,94000.000000,3.000000
RIZ8 [SPBFUT],240,20170627,200000,94000.000000,94000.000000,94000.000000,94000.000000,1.000000
RIZ8 [SPBFUT],240,20170628,200000,96410.000000,96410.000000,96410.000000,96410.000000,1.000000
RIZ8 [SPBFUT],240,20170630,200000,96900.000000,96900.000000,96900.000000,96900.000000,3.000000
RIZ8 [SPBFUT],240,20170703,080000,96580.000000,96580.000000,96500.000000,96500.000000,4.000000
RIZ8 [SPBFUT],240,20170712,120000,98330.000000,98690.000000,98330.000000,98690.000000,3.000000
RIZ8 [SPBFUT],240,20170713,160000,99500.000000,99500.000000,99500.000000,99500.000000,1.000000
RIZ8 [SPBFUT],240,20170714,080000,99500.000000,99750.000000,99500.000000,99750.000000,2.000000
RIZ8 [SPBFUT],240,20170714,120000,99990.000000,99990.000000,99990.000000,99990.000000,1.000000
RIZ8 [SPBFUT],240,20170721,080000,100900.000000,100900.000000,100900.000000,100900.000000,1.000000
RIZ8 [SPBFUT],240,20170721,160000,100900.000000,100900.000000,100900.000000,100900.000000,15.000000
RIZ8 [SPBFUT],240,20170803,200000,99510.000000,100500.000000,99510.000000,100500.000000,10.000000
RIZ8 [SPBFUT],240,20170807,120000,99000.000000,101850.000000,99000.000000,101820.000000,18.000000
RIZ8 [SPBFUT],240,20170807,160000,101010.000000,101010.000000,101000.000000,101000.000000,2.000000
RIZ8 [SPBFUT],240,20170807,200000,101000.000000,101000.000000,101000.000000,101000.000000,2.000000
RIZ8 [SPBFUT],240,20170808,160000,101800.000000,101800.000000,101800.000000,101800.000000,2.000000
RIZ8 [SPBFUT],240,20170808,200000,102500.000000,102500.000000,101950.000000,102100.000000,44.000000
RIZ8 [SPBFUT],240,20170811,080000,100000.000000,100000.000000,99500.000000,99500.000000,2.000000
RIZ8 [SPBFUT],240,20170811,200000,100500.000000,100500.000000,100500.000000,100500.000000,1.000000
RIZ8 [SPBFUT],240,20170817,200000,100770.000000,100770.000000,100770.000000,100770.000000,1.000000
RIZ8 [SPBFUT],240,20170822,120000,101330.000000,101330.000000,100720.000000,100720.000000,4.000000
RIZ8 [SPBFUT],240,20170822,160000,100720.000000,101000.000000,100720.000000,101000.000000,248.000000
RIZ8 [SPBFUT],240,20170824,200000,101780.000000,101780.000000,101730.000000,101730.000000,2.000000
RIZ8 [SPBFUT],240,20170825,200000,103000.000000,103000.000000,103000.000000,103000.000000,2.000000
RIZ8 [SPBFUT],240,20170828,080000,103350.000000,103350.000000,103350.000000,103350.000000,1.000000
RIZ8 [SPBFUT],240,20170830,160000,104500.000000,104500.000000,104500.000000,104500.000000,1.000000
RIZ8 [SPBFUT],240,20170831,160000,105720.000000,105720.000000,105720.000000,105720.000000,1.000000
RIZ8 [SPBFUT],240,20170831,200000,105950.000000,107590.000000,105950.000000,107590.000000,2.000000
RIZ8 [SPBFUT],240,20170904,120000,106400.000000,106400.000000,105760.000000,105760.000000,3.000000
RIZ8 [SPBFUT],240,20170904,160000,105700.000000,107360.000000,105700.000000,107360.000000,3.000000
RIZ8 [SPBFUT],240,20170904,200000,106380.000000,106380.000000,106380.000000,106380.000000,5.000000
RIZ8 [SPBFUT],240,20170905,120000,107040.000000,107040.000000,105700.000000,105700.000000,12.000000
RIZ8 [SPBFUT],240,20170905,160000,106630.000000,106640.000000,106510.000000,106510.000000,8.000000
RIZ8 [SPBFUT],240,20170905,200000,106500.000000,106500.000000,106500.000000,106500.000000,8.000000
RIZ8 [SPBFUT],240,20170906,120000,106000.000000,106000.000000,106000.000000,106000.000000,7.000000
RIZ8 [SPBFUT],240,20170906,160000,107100.000000,107100.000000,107100.000000,107100.000000,3.000000
RIZ8 [SPBFUT],240,20170906,200000,107420.000000,107510.000000,107290.000000,107510.000000,5.000000
RIZ8 [SPBFUT],240,20170907,080000,108200.000000,108200.000000,108100.000000,108100.000000,12.000000
RIZ8 [SPBFUT],240,20170907,120000,109430.000000,109430.000000,109430.000000,109430.000000,3.000000
RIZ8 [SPBFUT],240,20170907,200000,109370.000000,109370.000000,108100.000000,109130.000000,11.000000
RIZ8 [SPBFUT],240,20170913,160000,109940.000000,109940.000000,109940.000000,109940.000000,1.000000
RIZ8 [SPBFUT],240,20170913,200000,110470.000000,110470.000000,110470.000000,110470.000000,8.000000
RIZ8 [SPBFUT],240,20170914,160000,108800.000000,109240.000000,108800.000000,109240.000000,12.000000
RIZ8 [SPBFUT],240,20170915,080000,110730.000000,110730.000000,110250.000000,110250.000000,4.000000
RIZ8 [SPBFUT],240,20170915,120000,109370.000000,109370.000000,109370.000000,109370.000000,1.000000
RIZ8 [SPBFUT],240,20170918,160000,109550.000000,109550.000000,109550.000000,109550.000000,3.000000
RIZ8 [SPBFUT],240,20170918,200000,108300.000000,108300.000000,108300.000000,108300.000000,3.000000
RIZ8 [SPBFUT],240,20170920,120000,108400.000000,108700.000000,108400.000000,108700.000000,2.000000
RIZ8 [SPBFUT],240,20170921,120000,109210.000000,109210.000000,109210.000000,109210.000000,1.000000
RIZ8 [SPBFUT],240,20170922,200000,109990.000000,109990.000000,108810.000000,108810.000000,2.000000
RIZ8 [SPBFUT],240,20170925,200000,110570.000000,111150.000000,110570.000000,110580.000000,16.000000
RIZ8 [SPBFUT],240,20170926,160000,110500.000000,110500.000000,110500.000000,110500.000000,1.000000
RIZ8 [SPBFUT],240,20170926,200000,110110.000000,110600.000000,110110.000000,110600.000000,2.000000
RIZ8 [SPBFUT],240,20170927,120000,110210.000000,110210.000000,110210.000000,110210.000000,1.000000
RIZ8 [SPBFUT],240,20170928,080000,109880.000000,110220.000000,108700.000000,108700.000000,74.000000
RIZ8 [SPBFUT],240,20170928,160000,110550.000000,110550.000000,110550.000000,110550.000000,1.000000
RIZ8 [SPBFUT],240,20171003,120000,110500.000000,110500.000000,110500.000000,110500.000000,2.000000
RIZ8 [SPBFUT],240,20171004,200000,110850.000000,111400.000000,110850.000000,111400.000000,2.000000
RIZ8 [SPBFUT],240,20171005,200000,111610.000000,112610.000000,111610.000000,112610.000000,2.000000
RIZ8 [SPBFUT],240,20171006,080000,112470.000000,112600.000000,111420.000000,111420.000000,72.000000
RIZ8 [SPBFUT],240,20171006,160000,111420.000000,111420.000000,111420.000000,111420.000000,1.000000
RIZ8 [SPBFUT],240,20171009,160000,110770.000000,110770.000000,110770.000000,110770.000000,2.000000
RIZ8 [SPBFUT],240,20171012,120000,112000.000000,112000.000000,112000.000000,112000.000000,2.000000
RIZ8 [SPBFUT],240,20171016,120000,113800.000000,113800.000000,113800.000000,113800.000000,1.000000
RIZ8 [SPBFUT],240,20171016,160000,113330.000000,113330.000000,113330.000000,113330.000000,1.000000
RIZ8 [SPBFUT],240,20171017,080000,113450.000000,113550.000000,112290.000000,112290.000000,74.000000
RIZ8 [SPBFUT],240,20171017,160000,112250.000000,112250.000000,112250.000000,112250.000000,1.000000
RIZ8 [SPBFUT],240,20171017,200000,112630.000000,112630.000000,112620.000000,112620.000000,2.000000
RIZ8 [SPBFUT],240,20171019,080000,112710.000000,112710.000000,112710.000000,112710.000000,1.000000
RIZ8 [SPBFUT],240,20171019,120000,111250.000000,111250.000000,111020.000000,111020.000000,3.000000
RIZ8 [SPBFUT],240,20171023,080000,112360.000000,112360.000000,112360.000000,112360.000000,1.000000
RIZ8 [SPBFUT],240,20171024,160000,111530.000000,111530.000000,111530.000000,111530.000000,1.000000
RIZ8 [SPBFUT],240,20171025,160000,109800.000000,109800.000000,109800.000000,109800.000000,1.000000
RIZ8 [SPBFUT],240,20171025,200000,109740.000000,109740.000000,109740.000000,109740.000000,1.000000
RIZ8 [SPBFUT],240,20171027,120000,108950.000000,108950.000000,108950.000000,108950.000000,1.000000
RIZ8 [SPBFUT],240,20171030,080000,110230.000000,110230.000000,110030.000000,110030.000000,2.000000
RIZ8 [SPBFUT],240,20171030,120000,111410.000000,111410.000000,111410.000000,111410.000000,2.000000
RIZ8 [SPBFUT],240,20171030,200000,110400.000000,110700.000000,110400.000000,110700.000000,4.000000
RIZ8 [SPBFUT],240,20171102,200000,109980.000000,110370.000000,109980.000000,110370.000000,2.000000
RIZ8 [SPBFUT],240,20171103,080000,109530.000000,110350.000000,109530.000000,110350.000000,2.000000
RIZ8 [SPBFUT],240,20171103,200000,109200.000000,109580.000000,109200.000000,109580.000000,8.000000
RIZ8 [SPBFUT],240,20171107,080000,112500.000000,112500.000000,112500.000000,112500.000000,3.000000
RIZ8 [SPBFUT],240,20171107,120000,112000.000000,112890.000000,112000.000000,112890.000000,5.000000
RIZ8 [SPBFUT],240,20171107,160000,113170.000000,113170.000000,113170.000000,113170.000000,1.000000
RIZ8 [SPBFUT],240,20171107,200000,112190.000000,112190.000000,112190.000000,112190.000000,1.000000
RIZ8 [SPBFUT],240,20171108,080000,112930.000000,113200.000000,111700.000000,112930.000000,75.000000
RIZ8 [SPBFUT],240,20171108,120000,113430.000000,113490.000000,113400.000000,113490.000000,6.000000
RIZ8 [SPBFUT],240,20171109,080000,112600.000000,112600.000000,112600.000000,112600.000000,1.000000
RIZ8 [SPBFUT],240,20171109,120000,113070.000000,113070.000000,113070.000000,113070.000000,1.000000
RIZ8 [SPBFUT],240,20171109,160000,113300.000000,113860.000000,113300.000000,113860.000000,2.000000
RIZ8 [SPBFUT],240,20171109,200000,113670.000000,113670.000000,113670.000000,113670.000000,1.000000
RIZ8 [SPBFUT],240,20171113,120000,113750.000000,113750.000000,113500.000000,113500.000000,5.000000
RIZ8 [SPBFUT],240,20171113,160000,113270.000000,113270.000000,113270.000000,113270.000000,1.000000
RIZ8 [SPBFUT],240,20171117,160000,111930.000000,111930.000000,109840.000000,111690.000000,3.000000
RIZ8 [SPBFUT],240,20171117,200000,110800.000000,112200.000000,110800.000000,112000.000000,12.000000
RIZ8 [SPBFUT],240,20171121,120000,112280.000000,112280.000000,112280.000000,112280.000000,1.000000
RIZ8 [SPBFUT],240,20171121,160000,112120.000000,112120.000000,112120.000000,112120.000000,1.000000
RIZ8 [SPBFUT],240,20171122,160000,113550.000000,113680.000000,113550.000000,113680.000000,2.000000
RIZ8 [SPBFUT],240,20171123,080000,113200.000000,113200.000000,113200.000000,113200.000000,1.000000
RIZ8 [SPBFUT],240,20171124,080000,113500.000000,113500.000000,113500.000000,113500.000000,3.000000
RIZ8 [SPBFUT],240,20171129,120000,112980.000000,112980.000000,112980.000000,112980.000000,1.000000
RIZ8 [SPBFUT],240,20171201,080000,111190.000000,111600.000000,109920.000000,109920.000000,30.000000
RIZ8 [SPBFUT],240,20171201,120000,110410.000000,110410.000000,110410.000000,110410.000000,1.000000
RIZ8 [SPBFUT],240,20171201,160000,110860.000000,111100.000000,110860.000000,111100.000000,5.000000
RIZ8 [SPBFUT],240,20171201,200000,109760.000000,109760.000000,109760.000000,109760.000000,1.000000
RIZ8 [SPBFUT],240,20171204,120000,110840.000000,110840.000000,110840.000000,110840.000000,1.000000
RIZ8 [SPBFUT],240,20171204,160000,111000.000000,111050.000000,111000.000000,111050.000000,2.000000
RIZ8 [SPBFUT],240,20171205,160000,111000.000000,111000.000000,110150.000000,110150.000000,4.000000
RIZ8 [SPBFUT],240,20171205,200000,110650.000000,111000.000000,110650.000000,111000.000000,2.000000
RIZ8 [SPBFUT],240,20171206,080000,111390.000000,111970.000000,111390.000000,111970.000000,3.000000
RIZ8 [SPBFUT],240,20171208,120000,109770.000000,109770.000000,109570.000000,109570.000000,2.000000
RIZ8 [SPBFUT],240,20171211,120000,111530.000000,112410.000000,111530.000000,112410.000000,5.000000
RIZ8 [SPBFUT],240,20171212,080000,112630.000000,112630.000000,112600.000000,112600.000000,2.000000
RIZ8 [SPBFUT],240,20171212,120000,112390.000000,112390.000000,112210.000000,112210.000000,3.000000
RIZ8 [SPBFUT],240,20171212,200000,111450.000000,113000.000000,111450.000000,113000.000000,2.000000
RIZ8 [SPBFUT],240,20171214,200000,112210.000000,112210.000000,112210.000000,112210.000000,1.000000
RIZ8 [SPBFUT],240,20171215,080000,112930.000000,112930.000000,111930.000000,111930.000000,3.000000
RIZ8 [SPBFUT],240,20171218,080000,113570.000000,113570.000000,113570.000000,113570.000000,1.000000
RIZ8 [SPBFUT],240,20171219,160000,111490.000000,111490.000000,111490.000000,111490.000000,1.000000
RIZ8 [SPBFUT],240,20171220,080000,111810.000000,111810.000000,111810.000000,111810.000000,1.000000
RIZ8 [SPBFUT],240,20171220,200000,111200.000000,111200.000000,111200.000000,111200.000000,5.000000
RIZ8 [SPBFUT],240,20171221,080000,112000.000000,112100.000000,112000.000000,112100.000000,5.000000
RIZ8 [SPBFUT],240,20171222,080000,112000.000000,112000.000000,112000.000000,112000.000000,2.000000
RIZ8 [SPBFUT],240,20171222,160000,111900.000000,111900.000000,111900.000000,111900.000000,1.000000
RIZ8 [SPBFUT],240,20171226,120000,112500.000000,112500.000000,112500.000000,112500.000000,1.000000
RIZ8 [SPBFUT],240,20171226,160000,112500.000000,112850.000000,112230.000000,112230.000000,7.000000
RIZ8 [SPBFUT],240,20171229,160000,113000.000000,113000.000000,113000.000000,113000.000000,2.000000
RIZ8 [SPBFUT],240,20180103,080000,113670.000000,115990.000000,113430.000000,113430.000000,5.000000
RIZ8 [SPBFUT],240,20180104,120000,116980.000000,118000.000000,116950.000000,118000.000000,7.000000
RIZ8 [SPBFUT],240,20180109,120000,121580.000000,121580.000000,121580.000000,121580.000000,1.000000
RIZ8 [SPBFUT],240,20180110,120000,120140.000000,121500.000000,120000.000000,121500.000000,4.000000
RIZ8 [SPBFUT],240,20180111,120000,121500.000000,121500.000000,121500.000000,121500.000000,1.000000
RIZ8 [SPBFUT],240,20180112,120000,123980.000000,123980.000000,123980.000000,123980.000000,2.000000
RIZ8 [SPBFUT],240,20180115,120000,125310.000000,125310.000000,125310.000000,125310.000000,1.000000
RIZ8 [SPBFUT],240,20180116,120000,122360.000000,122360.000000,122360.000000,122360.000000,1.000000
RIZ8 [SPBFUT],240,20180117,200000,124780.000000,124950.000000,124780.000000,124950.000000,2.000000
RIZ8 [SPBFUT],240,20180118,120000,125270.000000,125270.000000,125270.000000,125270.000000,1.000000
RIZ8 [SPBFUT],240,20180118,160000,125850.000000,125850.000000,125850.000000,125850.000000,1.000000
RIZ8 [SPBFUT],240,20180122,120000,126500.000000,126500.000000,126500.000000,126500.000000,1.000000
RIZ8 [SPBFUT],240,20180125,080000,128590.000000,128700.000000,128280.000000,128280.000000,3.000000
RIZ8 [SPBFUT],240,20180125,160000,129110.000000,129110.000000,129110.000000,129110.000000,1.000000
RIZ8 [SPBFUT],240,20180129,120000,127320.000000,127320.000000,127160.000000,127160.000000,2.000000
RIZ8 [SPBFUT],240,20180130,120000,127220.000000,127220.000000,127220.000000,127220.000000,1.000000
RIZ8 [SPBFUT],240,20180131,200000,126090.000000,126090.000000,126090.000000,126090.000000,1.000000
RIZ8 [SPBFUT],240,20180201,200000,127620.000000,127620.000000,127620.000000,127620.000000,1.000000
RIZ8 [SPBFUT],240,20180202,160000,125640.000000,125640.000000,125640.000000,125640.000000,1.000000
RIZ8 [SPBFUT],240,20180202,200000,125030.000000,125030.000000,125030.000000,125030.000000,1.000000
RIZ8 [SPBFUT],240,20180206,080000,121510.000000,121510.000000,121490.000000,121490.000000,2.000000
RIZ8 [SPBFUT],240,20180206,120000,122210.000000,122210.000000,121610.000000,121610.000000,2.000000
RIZ8 [SPBFUT],240,20180208,120000,119760.000000,119760.000000,119760.000000,119760.000000,1.000000
RIZ8 [SPBFUT],240,20180208,160000,119570.000000,119570.000000,119570.000000,119570.000000,1.000000
RIZ8 [SPBFUT],240,20180209,080000,117280.000000,117430.000000,117280.000000,117410.000000,3.000000
RIZ8 [SPBFUT],240,20180209,200000,114830.000000,114830.000000,114110.000000,114110.000000,2.000000
RIZ8 [SPBFUT],240,20180220,200000,125050.000000,125050.000000,125050.000000,125050.000000,1.000000
RIZ8 [SPBFUT],240,20180222,200000,129460.000000,129610.000000,129460.000000,129610.000000,2.000000
RIZ8 [SPBFUT],240,20180226,080000,132290.000000,132300.000000,132290.000000,132300.000000,3.000000
RIZ8 [SPBFUT],240,20180226,160000,131230.000000,131380.000000,131230.000000,131380.000000,2.000000
RIZ8 [SPBFUT],240,20180228,120000,128090.000000,128180.000000,127570.000000,127570.000000,3.000000
RIZ8 [SPBFUT],240,20180228,160000,127970.000000,127970.000000,126730.000000,126730.000000,11.000000
RIZ8 [SPBFUT],240,20180228,200000,126340.000000,126340.000000,126340.000000,126340.000000,1.000000
RIZ8 [SPBFUT],240,20180301,120000,125530.000000,125530.000000,125530.000000,125530.000000,1.000000
RIZ8 [SPBFUT],240,20180301,160000,125950.000000,125950.000000,125950.000000,125950.000000,1.000000
RIZ8 [SPBFUT],240,20180305,120000,126970.000000,126970.000000,126970.000000,126970.000000,1.000000
RIZ8 [SPBFUT],240,20180305,160000,126140.000000,126140.000000,126140.000000,126140.000000,1.000000
RIZ8 [SPBFUT],240,20180306,080000,127440.000000,127650.000000,127440.000000,127650.000000,2.000000
RIZ8 [SPBFUT],240,20180307,120000,124300.000000,124300.000000,124300.000000,124300.000000,1.000000
RIZ8 [SPBFUT],240,20180309,080000,124610.000000,124610.000000,124610.000000,124610.000000,1.000000
RIZ8 [SPBFUT],240,20180309,200000,127320.000000,127320.000000,127320.000000,127320.000000,1.000000
RIZ8 [SPBFUT],240,20180312,120000,127000.000000,127000.000000,127000.000000,127000.000000,1.000000
RIZ8 [SPBFUT],240,20180314,120000,126000.000000,126000.000000,126000.000000,126000.000000,1.000000
RIZ8 [SPBFUT],240,20180314,160000,124440.000000,124440.000000,124320.000000,124320.000000,2.000000
RIZ8 [SPBFUT],240,20180314,200000,124090.000000,124090.000000,124090.000000,124090.000000,1.000000
RIZ8 [SPBFUT],240,20180315,080000,124000.000000,124000.000000,124000.000000,124000.000000,1.000000
RIZ8 [SPBFUT],240,20180315,160000,123240.000000,123240.000000,123240.000000,123240.000000,1.000000
RIZ8 [SPBFUT],240,20180316,080000,122040.000000,122040.000000,122040.000000,122040.000000,1.000000
RIZ8 [SPBFUT],240,20180316,120000,123730.000000,123730.000000,123730.000000,123730.000000,1.000000
RIZ8 [SPBFUT],240,20180316,160000,123550.000000,123550.000000,123000.000000,123410.000000,18.000000
RIZ8 [SPBFUT],240,20180319,080000,124000.000000,125150.000000,123130.000000,123130.000000,4.000000
RIZ8 [SPBFUT],240,20180319,120000,123050.000000,123050.000000,123050.000000,123050.000000,3.000000
RIZ8 [SPBFUT],240,20180319,160000,122010.000000,122390.000000,122000.000000,122000.000000,5.000000
RIZ8 [SPBFUT],240,20180320,080000,122400.000000,122400.000000,121750.000000,121750.000000,2.000000
RIZ8 [SPBFUT],240,20180320,120000,122000.000000,122300.000000,122000.000000,122300.000000,2.000000
RIZ8 [SPBFUT],240,20180320,160000,122600.000000,122600.000000,122600.000000,122600.000000,1.000000
RIZ8 [SPBFUT],240,20180321,080000,124180.000000,124200.000000,124180.000000,124200.000000,2.000000
RIZ8 [SPBFUT],240,20180321,160000,123960.000000,125220.000000,123950.000000,125220.000000,3.000000
RIZ8 [SPBFUT],240,20180321,200000,125800.000000,125850.000000,125500.000000,125850.000000,4.000000
RIZ8 [SPBFUT],240,20180322,080000,125350.000000,125350.000000,125350.000000,125350.000000,1.000000
RIZ8 [SPBFUT],240,20180322,120000,125200.000000,125200.000000,124500.000000,124500.000000,3.000000
RIZ8 [SPBFUT],240,20180323,120000,123000.000000,123000.000000,123000.000000,123000.000000,5.000000
RIZ8 [SPBFUT],240,20180323,200000,123720.000000,123880.000000,123720.000000,123880.000000,2.000000
RIZ8 [SPBFUT],240,20180326,120000,123520.000000,123520.000000,123520.000000,123520.000000,1.000000
RIZ8 [SPBFUT],240,20180326,160000,122090.000000,122090.000000,121530.000000,121530.000000,2.000000
RIZ8 [SPBFUT],240,20180327,080000,121930.000000,121930.000000,121930.000000,121930.000000,1.000000
RIZ8 [SPBFUT],240,20180329,120000,121600.000000,121600.000000,121600.000000,121600.000000,1.000000
RIZ8 [SPBFUT],240,20180329,160000,121850.000000,122300.000000,121850.000000,122300.000000,2.000000
RIZ8 [SPBFUT],240,20180330,200000,122730.000000,122730.000000,122310.000000,122310.000000,2.000000
RIZ8 [SPBFUT],240,20180402,120000,123890.000000,123890.000000,122700.000000,122700.000000,3.000000
RIZ8 [SPBFUT],240,20180402,160000,122310.000000,122310.000000,121300.000000,121300.000000,4.000000
RIZ8 [SPBFUT],240,20180404,120000,120500.000000,121500.000000,120340.000000,120890.000000,8.000000
RIZ8 [SPBFUT],240,20180404,160000,120410.000000,120870.000000,120410.000000,120870.000000,4.000000
RIZ8 [SPBFUT],240,20180404,200000,122620.000000,122620.000000,122500.000000,122500.000000,2.000000
RIZ8 [SPBFUT],240,20180405,120000,122800.000000,122800.000000,122800.000000,122800.000000,1.000000
RIZ8 [SPBFUT],240,20180406,080000,122610.000000,122610.000000,122610.000000,122610.000000,1.000000
RIZ8 [SPBFUT],240,20180406,160000,121200.000000,121200.000000,121200.000000,121200.000000,2.000000
RIZ8 [SPBFUT],240,20180406,200000,120740.000000,120740.000000,120740.000000,120740.000000,1.000000
RIZ8 [SPBFUT],240,20180409,080000,120030.000000,120030.000000,117000.000000,117000.000000,11.000000
RIZ8 [SPBFUT],240,20180409,120000,116160.000000,116160.000000,109640.000000,109700.000000,20.000000
RIZ8 [SPBFUT],240,20180409,160000,107740.000000,107910.000000,107740.000000,107880.000000,3.000000
RIZ8 [SPBFUT],240,20180409,200000,106580.000000,106580.000000,106400.000000,106400.000000,3.000000
RIZ8 [SPBFUT],240,20180410,080000,108710.000000,108710.000000,100540.000000,100540.000000,4.000000
RIZ8 [SPBFUT],240,20180410,120000,105390.000000,106700.000000,105390.000000,106500.000000,3.000000
RIZ8 [SPBFUT],240,20180411,080000,105590.000000,105590.000000,105590.000000,105590.000000,1.000000
RIZ8 [SPBFUT],240,20180411,120000,107410.000000,107410.000000,104000.000000,104000.000000,6.000000
RIZ8 [SPBFUT],240,20180411,160000,108510.000000,108510.000000,108510.000000,108510.000000,1.000000
RIZ8 [SPBFUT],240,20180411,200000,108370.000000,108370.000000,108370.000000,108370.000000,1.000000
RIZ8 [SPBFUT],240,20180413,120000,109110.000000,109110.000000,109110.000000,109110.000000,1.000000
RIZ8 [SPBFUT],240,20180413,160000,108550.000000,108550.000000,108550.000000,108550.000000,1.000000
RIZ8 [SPBFUT],240,20180416,080000,107700.000000,108250.000000,107700.000000,108250.000000,3.000000
RIZ8 [SPBFUT],240,20180416,120000,107100.000000,107100.000000,107100.000000,107100.000000,1.000000
RIZ8 [SPBFUT],240,20180416,160000,107000.000000,107000.000000,107000.000000,107000.000000,34.000000
RIZ8 [SPBFUT],240,20180418,080000,111570.000000,112000.000000,111570.000000,112000.000000,3.000000
RIZ8 [SPBFUT],240,20180418,120000,113290.000000,113290.000000,113290.000000,113290.000000,1.000000
RIZ8 [SPBFUT],240,20180420,120000,112480.000000,112480.000000,112480.000000,112480.000000,2.000000
RIZ8 [SPBFUT],240,20180420,200000,111030.000000,111030.000000,111030.000000,111030.000000,1.000000
RIZ8 [SPBFUT],240,20180423,120000,110110.000000,110110.000000,110110.000000,110110.000000,1.000000
RIZ8 [SPBFUT],240,20180423,160000,112450.000000,113170.000000,109090.000000,111360.000000,7.000000
RIZ8 [SPBFUT],240,20180423,200000,111290.000000,111290.000000,111290.000000,111290.000000,1.000000
RIZ8 [SPBFUT],240,20180424,080000,112700.000000,113130.000000,112700.000000,113130.000000,2.000000
RIZ8 [SPBFUT],240,20180424,160000,112630.000000,112630.000000,112630.000000,112630.000000,1.000000
RIZ8 [SPBFUT],240,20180427,080000,113260.000000,113260.000000,113260.000000,113260.000000,1.000000
RIZ8 [SPBFUT],240,20180427,120000,113250.000000,113250.000000,113250.000000,113250.000000,1.000000
RIZ8 [SPBFUT],240,20180427,160000,114200.000000,114200.000000,114200.000000,114200.000000,1.000000
RIZ8 [SPBFUT],240,20180428,120000,114260.000000,115040.000000,114260.000000,115040.000000,2.000000
RIZ8 [SPBFUT],240,20180428,160000,114200.000000,114200.000000,114200.000000,114200.000000,1.000000
RIZ8 [SPBFUT],240,20180430,080000,114400.000000,114400.000000,114400.000000,114400.000000,1.000000
RIZ8 [SPBFUT],240,20180502,120000,112150.000000,112150.000000,112000.000000,112000.000000,2.000000
RIZ8 [SPBFUT],240,20180502,160000,112020.000000,112020.000000,111750.000000,111750.000000,2.000000
RIZ8 [SPBFUT],240,20180503,120000,112700.000000,113090.000000,112700.000000,113090.000000,6.000000
RIZ8 [SPBFUT],240,20180503,160000,111610.000000,111610.000000,111610.000000,111610.000000,2.000000
RIZ8 [SPBFUT],240,20180503,200000,112340.000000,112340.000000,112200.000000,112200.000000,2.000000
RIZ8 [SPBFUT],240,20180504,080000,111520.000000,111520.000000,111520.000000,111520.000000,1.000000
RIZ8 [SPBFUT],240,20180504,160000,112550.000000,113180.000000,112550.000000,113010.000000,4.000000
RIZ8 [SPBFUT],240,20180504,200000,113300.000000,113300.000000,113300.000000,113300.000000,1.000000
RIZ8 [SPBFUT],240,20180507,080000,114730.000000,114760.000000,113990.000000,113990.000000,11.000000
RIZ8 [SPBFUT],240,20180507,200000,111950.000000,111950.000000,111950.000000,111950.000000,1.000000
RIZ8 [SPBFUT],240,20180508,080000,111850.000000,111850.000000,111550.000000,111550.000000,3.000000
RIZ8 [SPBFUT],240,20180508,200000,112660.000000,112730.000000,112660.000000,112730.000000,2.000000
RIZ8 [SPBFUT],240,20180510,080000,113990.000000,114360.000000,113990.000000,114000.000000,3.000000
RIZ8 [SPBFUT],240,20180510,160000,114780.000000,115420.000000,114780.000000,115420.000000,2.000000
RIZ8 [SPBFUT],240,20180511,120000,117490.000000,117500.000000,117490.000000,117500.000000,6.000000
RIZ8 [SPBFUT],240,20180514,120000,116470.000000,116470.000000,116470.000000,116470.000000,1.000000
RIZ8 [SPBFUT],240,20180514,160000,117920.000000,119300.000000,117160.000000,117160.000000,26.000000
RIZ8 [SPBFUT],240,20180515,080000,117300.000000,117300.000000,116410.000000,116410.000000,25.000000
RIZ8 [SPBFUT],240,20180517,120000,115740.000000,115740.000000,115250.000000,115250.000000,10.000000
RIZ8 [SPBFUT],240,20180517,160000,116810.000000,116810.000000,116810.000000,116810.000000,1.000000
RIZ8 [SPBFUT],240,20180522,080000,117360.000000,117360.000000,117360.000000,117360.000000,1.000000
RIZ8 [SPBFUT],240,20180522,160000,117230.000000,117480.000000,116980.000000,117470.000000,8.000000
RIZ8 [SPBFUT],240,20180523,080000,115240.000000,116040.000000,115200.000000,115200.000000,21.000000
RIZ8 [SPBFUT],240,20180524,080000,115480.000000,116050.000000,115430.000000,116050.000000,7.000000
RIZ8 [SPBFUT],240,20180524,120000,114870.000000,117620.000000,114680.000000,114680.000000,5.000000
RIZ8 [SPBFUT],240,20180524,160000,114760.000000,115260.000000,114410.000000,114410.000000,30.000000
RIZ8 [SPBFUT],240,20180525,080000,114870.000000,115850.000000,114870.000000,115810.000000,14.000000
RIZ8 [SPBFUT],240,20180525,160000,113810.000000,114130.000000,113810.000000,114130.000000,14.000000
RIZ8 [SPBFUT],240,20180528,080000,114090.000000,114540.000000,114090.000000,114540.000000,18.000000
RIZ8 [SPBFUT],240,20180528,120000,113940.000000,114260.000000,113940.000000,114260.000000,6.000000
RIZ8 [SPBFUT],240,20180528,160000,113530.000000,115010.000000,113530.000000,114280.000000,10.000000
RIZ8 [SPBFUT],240,20180529,120000,112210.000000,113650.000000,112210.000000,113220.000000,9.000000
RIZ8 [SPBFUT],240,20180604,120000,115760.000000,116050.000000,115350.000000,115350.000000,7.000000
RIZ8 [SPBFUT],240,20180604,160000,115350.000000,115660.000000,115320.000000,115630.000000,14.000000
RIZ8 [SPBFUT],240,20180605,080000,115420.000000,115420.000000,115220.000000,115220.000000,3.000000
RIZ8 [SPBFUT],240,20180605,120000,114950.000000,115290.000000,114860.000000,115200.000000,12.000000
RIZ8 [SPBFUT],240,20180607,160000,115000.000000,115000.000000,115000.000000,115000.000000,10.000000
RIZ8 [SPBFUT],240,20180608,120000,113270.000000,114520.000000,112910.000000,112910.000000,11.000000
RIZ8 [SPBFUT],240,20180608,160000,112700.000000,112700.000000,112700.000000,112700.000000,1.000000
RIZ8 [SPBFUT],240,20180613,080000,111930.000000,111930.000000,111900.000000,111900.000000,2.000000
RIZ8 [SPBFUT],240,20180613,160000,112390.000000,112390.000000,112260.000000,112260.000000,2.000000
RIZ8 [SPBFUT],240,20180614,080000,113110.000000,113310.000000,113110.000000,113310.000000,3.000000
RIZ8 [SPBFUT],240,20180614,120000,111900.000000,113260.000000,111900.000000,111900.000000,6.000000
RIZ8 [SPBFUT],240,20180614,200000,111320.000000,111320.000000,111320.000000,111320.000000,2.000000
RIZ8 [SPBFUT],240,20180615,120000,110670.000000,111580.000000,110470.000000,110760.000000,29.000000
RIZ8 [SPBFUT],240,20180615,160000,110400.000000,110400.000000,109500.000000,109500.000000,9.000000
RIZ8 [SPBFUT],240,20180615,200000,109400.000000,110010.000000,109400.000000,110010.000000,6.000000
RIZ8 [SPBFUT],240,20180618,120000,109090.000000,109620.000000,107640.000000,108020.000000,47.000000
RIZ8 [SPBFUT],240,20180618,160000,108020.000000,108650.000000,107310.000000,108640.000000,33.000000
RIZ8 [SPBFUT],240,20180618,200000,108640.000000,108860.000000,108640.000000,108800.000000,32.000000
RIZ8 [SPBFUT],240,20180619,080000,107870.000000,107870.000000,106130.000000,106500.000000,53.000000
RIZ8 [SPBFUT],240,20180619,120000,106500.000000,106720.000000,105890.000000,106190.000000,71.000000
RIZ8 [SPBFUT],240,20180619,160000,106200.000000,108260.000000,106120.000000,108250.000000,39.000000
RIZ8 [SPBFUT],240,20180620,080000,108210.000000,110000.000000,108210.000000,109790.000000,54.000000
RIZ8 [SPBFUT],240,20180620,120000,109850.000000,110150.000000,109370.000000,110150.000000,46.000000
RIZ8 [SPBFUT],240,20180620,160000,109570.000000,110170.000000,109110.000000,109990.000000,63.000000
RIZ8 [SPBFUT],240,20180620,200000,109520.000000,109520.000000,109520.000000,109520.000000,1.000000
RIZ8 [SPBFUT],240,20180621,080000,109330.000000,109960.000000,108930.000000,109650.000000,68.000000
RIZ8 [SPBFUT],240,20180621,120000,108730.000000,109580.000000,108410.000000,109580.000000,20.000000
RIZ8 [SPBFUT],240,20180621,160000,109440.000000,109440.000000,108440.000000,109100.000000,31.000000
RIZ8 [SPBFUT],240,20180621,200000,109050.000000,110300.000000,109050.000000,109090.000000,16.000000
RIZ8 [SPBFUT],240,20180622,080000,110120.000000,110600.000000,108900.000000,110600.000000,51.000000
RIZ8 [SPBFUT],240,20180622,120000,110600.000000,110600.000000,109300.000000,110050.000000,94.000000
RIZ8 [SPBFUT],240,20180622,160000,110030.000000,110640.000000,109990.000000,110240.000000,70.000000
RIZ8 [SPBFUT],240,20180622,200000,110720.000000,110890.000000,110630.000000,110850.000000,8.000000
RIZ8 [SPBFUT],240,20180625,080000,110600.000000,110870.000000,109780.000000,110770.000000,36.000000
RIZ8 [SPBFUT],240,20180625,120000,110770.000000,110770.000000,110180.000000,110360.000000,27.000000
RIZ8 [SPBFUT],240,20180625,160000,110000.000000,110170.000000,109710.000000,109710.000000,16.000000
RIZ8 [SPBFUT],240,20180625,200000,109880.000000,110460.000000,109880.000000,110440.000000,5.000000
RIZ8 [SPBFUT],240,20180626,080000,110850.000000,110850.000000,110030.000000,110250.000000,16.000000
RIZ8 [SPBFUT],240,20180626,120000,110140.000000,110300.000000,109530.000000,109630.000000,17.000000
RIZ8 [SPBFUT],240,20180626,160000,109490.000000,110150.000000,109300.000000,110150.000000,15.000000
RIZ8 [SPBFUT],240,20180626,200000,110080.000000,110080.000000,110080.000000,110080.000000,2.000000
RIZ8 [SPBFUT],240,20180627,080000,109530.000000,109530.000000,109030.000000,109030.000000,4.000000
RIZ8 [SPBFUT],240,20180627,120000,108740.000000,110300.000000,108740.000000,110280.000000,28.000000
RIZ8 [SPBFUT],240,20180627,160000,110450.000000,111200.000000,110450.000000,110590.000000,40.000000
RIZ8 [SPBFUT],240,20180627,200000,110560.000000,110560.000000,109810.000000,109810.000000,22.000000
RIZ8 [SPBFUT],240,20180628,080000,109530.000000,110600.000000,109530.000000,110600.000000,15.000000
RIZ8 [SPBFUT],240,20180628,120000,110550.000000,110780.000000,110030.000000,110030.000000,13.000000
RIZ8 [SPBFUT],240,20180628,160000,110050.000000,110620.000000,110030.000000,110620.000000,5.000000
RIZ8 [SPBFUT],240,20180628,200000,110940.000000,111100.000000,110940.000000,111100.000000,6.000000
RIZ8 [SPBFUT],240,20180629,080000,111550.000000,112450.000000,111550.000000,112450.000000,24.000000
RIZ8 [SPBFUT],240,20180629,120000,112150.000000,112150.000000,111930.000000,111930.000000,18.000000
RIZ8 [SPBFUT],240,20180629,160000,112360.000000,113000.000000,112360.000000,112510.000000,16.000000
RIZ8 [SPBFUT],240,20180629,200000,113050.000000,113310.000000,112860.000000,113310.000000,12.000000
RIZ8 [SPBFUT],240,20180702,080000,112330.000000,113410.000000,111500.000000,113380.000000,33.000000
RIZ8 [SPBFUT],240,20180702,120000,113480.000000,114000.000000,112780.000000,113400.000000,31.000000
RIZ8 [SPBFUT],240,20180702,160000,113480.000000,113730.000000,112800.000000,112890.000000,24.000000
RIZ8 [SPBFUT],240,20180702,200000,112610.000000,112980.000000,112550.000000,112780.000000,21.000000
RIZ8 [SPBFUT],240,20180703,080000,113150.000000,113150.000000,112700.000000,112700.000000,4.000000
RIZ8 [SPBFUT],240,20180703,120000,112590.000000,113100.000000,112590.000000,113100.000000,6.000000
RIZ8 [SPBFUT],240,20180703,160000,112590.000000,112600.000000,112300.000000,112300.000000,13.000000
RIZ8 [SPBFUT],240,20180703,200000,112300.000000,112300.000000,112300.000000,112300.000000,1.000000
RIZ8 [SPBFUT],240,20180704,080000,112710.000000,112710.000000,112710.000000,112710.000000,1.000000
RIZ8 [SPBFUT],240,20180704,120000,112700.000000,112800.000000,112700.000000,112800.000000,2.000000
RIZ8 [SPBFUT],240,20180704,160000,112430.000000,112430.000000,112200.000000,112270.000000,7.000000
RIZ8 [SPBFUT],240,20180705,080000,113030.000000,113300.000000,113030.000000,113300.000000,3.000000
RIZ8 [SPBFUT],240,20180705,120000,113410.000000,114790.000000,113410.000000,114470.000000,26.000000
RIZ8 [SPBFUT],240,20180705,160000,114420.000000,115040.000000,114420.000000,115040.000000,20.000000
RIZ8 [SPBFUT],240,20180705,200000,115040.000000,115040.000000,114540.000000,114540.000000,11.000000
RIZ8 [SPBFUT],240,20180706,080000,115150.000000,115150.000000,114280.000000,114400.000000,20.000000
RIZ8 [SPBFUT],240,20180706,120000,114460.000000,114480.000000,114130.000000,114420.000000,8.000000
RIZ8 [SPBFUT],240,20180706,160000,114550.000000,116020.000000,114550.000000,115930.000000,84.000000
RIZ8 [SPBFUT],240,20180706,200000,115930.000000,116000.000000,115820.000000,116000.000000,73.000000
RIZ8 [SPBFUT],240,20180709,080000,116240.000000,117000.000000,116010.000000,116720.000000,47.000000
RIZ8 [SPBFUT],240,20180709,120000,116850.000000,117750.000000,116850.000000,117320.000000,46.000000
RIZ8 [SPBFUT],240,20180709,160000,117030.000000,118200.000000,116900.000000,118070.000000,41.000000
RIZ8 [SPBFUT],240,20180709,200000,118070.000000,118250.000000,118070.000000,118250.000000,14.000000
RIZ8 [SPBFUT],240,20180710,080000,118410.000000,118470.000000,118410.000000,118470.000000,3.000000
RIZ8 [SPBFUT],240,20180710,120000,118150.000000,118370.000000,118000.000000,118000.000000,71.000000
RIZ8 [SPBFUT],240,20180710,160000,118540.000000,118980.000000,118280.000000,118600.000000,154.000000
RIZ8 [SPBFUT],240,20180710,200000,118510.000000,119200.000000,118380.000000,119200.000000,74.000000
RIZ8 [SPBFUT],240,20180711,080000,118370.000000,118380.000000,117450.000000,117500.000000,20.000000
RIZ8 [SPBFUT],240,20180711,120000,117280.000000,117480.000000,116800.000000,117480.000000,54.000000
RIZ8 [SPBFUT],240,20180711,160000,117600.000000,118410.000000,117300.000000,117300.000000,22.000000
RIZ8 [SPBFUT],240,20180711,200000,117030.000000,117030.000000,115800.000000,116180.000000,69.000000
RIZ8 [SPBFUT],240,20180712,080000,116490.000000,117350.000000,116490.000000,116780.000000,19.000000
RIZ8 [SPBFUT],240,20180712,120000,116500.000000,116930.000000,116200.000000,116600.000000,33.000000
RIZ8 [SPBFUT],240,20180712,160000,116300.000000,116890.000000,116000.000000,116790.000000,42.000000
RIZ8 [SPBFUT],240,20180712,200000,116790.000000,116890.000000,116790.000000,116890.000000,4.000000
RIZ8 [SPBFUT],240,20180713,080000,116800.000000,117800.000000,116700.000000,117500.000000,93.000000
RIZ8 [SPBFUT],240,20180713,120000,116980.000000,117580.000000,116980.000000,117580.000000,7.000000
RIZ8 [SPBFUT],240,20180713,160000,117280.000000,117800.000000,116200.000000,116200.000000,49.000000
RIZ8 [SPBFUT],240,20180713,200000,116300.000000,117070.000000,115770.000000,116780.000000,60.000000
RIZ8 [SPBFUT],240,20180716,080000,117200.000000,118010.000000,117200.000000,118000.000000,93.000000
RIZ8 [SPBFUT],240,20180716,120000,117870.000000,118400.000000,117000.000000,117000.000000,166.000000
RIZ8 [SPBFUT],240,20180716,160000,117380.000000,117380.000000,116410.000000,116640.000000,38.000000
RIZ8 [SPBFUT],240,20180716,200000,116630.000000,116710.000000,116000.000000,116000.000000,21.000000
RIZ8 [SPBFUT],240,20180717,080000,115900.000000,115900.000000,114600.000000,114600.000000,63.000000
RIZ8 [SPBFUT],240,20180717,120000,114880.000000,115000.000000,114380.000000,114650.000000,37.000000
RIZ8 [SPBFUT],240,20180717,160000,114980.000000,116030.000000,114900.000000,116030.000000,26.000000
RIZ8 [SPBFUT],240,20180717,200000,116160.000000,116160.000000,115200.000000,115200.000000,52.000000
RIZ8 [SPBFUT],240,20180718,080000,115030.000000,115270.000000,114030.000000,114130.000000,95.000000
RIZ8 [SPBFUT],240,20180718,120000,114250.000000,114500.000000,114020.000000,114360.000000,39.000000
RIZ8 [SPBFUT],240,20180718,160000,114020.000000,114530.000000,113730.000000,114320.000000,50.000000
RIZ8 [SPBFUT],240,20180718,200000,114630.000000,114630.000000,114480.000000,114550.000000,5.000000
RIZ8 [SPBFUT],240,20180719,080000,114030.000000,114030.000000,113280.000000,113280.000000,33.000000
RIZ8 [SPBFUT],240,20180719,120000,113200.000000,113430.000000,112170.000000,112500.000000,91.000000
RIZ8 [SPBFUT],240,20180719,160000,112500.000000,112980.000000,111340.000000,111340.000000,48.000000
RIZ8 [SPBFUT],240,20180719,200000,111450.000000,111760.000000,111430.000000,111730.000000,38.000000
RIZ8 [SPBFUT],240,20180720,080000,111720.000000,112800.000000,111720.000000,112800.000000,33.000000
RIZ8 [SPBFUT],240,20180720,120000,112800.000000,112800.000000,111100.000000,111390.000000,57.000000
RIZ8 [SPBFUT],240,20180720,160000,111310.000000,111780.000000,111050.000000,111390.000000,11.000000
RIZ8 [SPBFUT],240,20180720,200000,111680.000000,111680.000000,111680.000000,111680.000000,2.000000
RIZ8 [SPBFUT],240,20180723,080000,111980.000000,112950.000000,111980.000000,112930.000000,31.000000
RIZ8 [SPBFUT],240,20180723,120000,113000.000000,113300.000000,112600.000000,113300.000000,45.000000
RIZ8 [SPBFUT],240,20180723,160000,113030.000000,113150.000000,112210.000000,112230.000000,32.000000
RIZ8 [SPBFUT],240,20180723,200000,112410.000000,112500.000000,112320.000000,112320.000000,6.000000
RIZ8 [SPBFUT],240,20180724,080000,112840.000000,113500.000000,112840.000000,113270.000000,27.000000
RIZ8 [SPBFUT],240,20180724,120000,113570.000000,113840.000000,113300.000000,113720.000000,20.000000
RIZ8 [SPBFUT],240,20180724,160000,113710.000000,114290.000000,112100.000000,112300.000000,97.000000
RIZ8 [SPBFUT],240,20180724,200000,112450.000000,112450.000000,111870.000000,112060.000000,38.000000
RIZ8 [SPBFUT],240,20180725,080000,112190.000000,113300.000000,112190.000000,113300.000000,56.000000
RIZ8 [SPBFUT],240,20180725,120000,113340.000000,113800.000000,113300.000000,113800.000000,31.000000
RIZ8 [SPBFUT],240,20180725,160000,113790.000000,114030.000000,113480.000000,113950.000000,26.000000
RIZ8 [SPBFUT],240,20180725,200000,114150.000000,114550.000000,113960.000000,114550.000000,27.000000
RIZ8 [SPBFUT],240,20180726,080000,114500.000000,114890.000000,114100.000000,114350.000000,13.000000
RIZ8 [SPBFUT],240,20180726,120000,114120.000000,114380.000000,113800.000000,113840.000000,8.000000
RIZ8 [SPBFUT],240,20180726,160000,114000.000000,114430.000000,113950.000000,114150.000000,10.000000
RIZ8 [SPBFUT],240,20180726,200000,114280.000000,114360.000000,114100.000000,114100.000000,9.000000
RIZ8 [SPBFUT],240,20180727,080000,114400.000000,114440.000000,113430.000000,113430.000000,17.000000
RIZ8 [SPBFUT],240,20180727,120000,113660.000000,114250.000000,113660.000000,114120.000000,8.000000
RIZ8 [SPBFUT],240,20180727,160000,114250.000000,114590.000000,113670.000000,113670.000000,17.000000
RIZ8 [SPBFUT],240,20180727,200000,113360.000000,114110.000000,113200.000000,114110.000000,10.000000
RIZ8 [SPBFUT],240,20180730,080000,113830.000000,114820.000000,113830.000000,114580.000000,102.000000
RIZ8 [SPBFUT],240,20180730,120000,114880.000000,115280.000000,114880.000000,115280.000000,33.000000
RIZ8 [SPBFUT],240,20180730,160000,115330.000000,115580.000000,114900.000000,115110.000000,22.000000
RIZ8 [SPBFUT],240,20180730,200000,115150.000000,115250.000000,114910.000000,114910.000000,8.000000
RIZ8 [SPBFUT],240,20180731,080000,115090.000000,115580.000000,115070.000000,115290.000000,31.000000
RIZ8 [SPBFUT],240,20180731,120000,115680.000000,116080.000000,115400.000000,115980.000000,22.000000
RIZ8 [SPBFUT],240,20180731,160000,115880.000000,116900.000000,115850.000000,116900.000000,9.000000
RIZ8 [SPBFUT],240,20180731,200000,116740.000000,116740.000000,116330.000000,116330.000000,27.000000
RIZ8 [SPBFUT],240,20180801,080000,116340.000000,116460.000000,116010.000000,116460.000000,21.000000
RIZ8 [SPBFUT],240,20180801,120000,115900.000000,115920.000000,115500.000000,115670.000000,11.000000
RIZ8 [SPBFUT],240,20180801,160000,115450.000000,116030.000000,115030.000000,115030.000000,17.000000
RIZ8 [SPBFUT],240,20180801,200000,115400.000000,115400.000000,115330.000000,115330.000000,5.000000
RIZ8 [SPBFUT],240,20180802,080000,115000.000000,115260.000000,114700.000000,114700.000000,12.000000
RIZ8 [SPBFUT],240,20180802,120000,114700.000000,114700.000000,114310.000000,114500.000000,146.000000
RIZ8 [SPBFUT],240,20180802,160000,114420.000000,114500.000000,113340.000000,113710.000000,282.000000
RIZ8 [SPBFUT],240,20180802,200000,113500.000000,113750.000000,113500.000000,113750.000000,13.000000
RIZ8 [SPBFUT],240,20180803,080000,113630.000000,113820.000000,112630.000000,113500.000000,54.000000
RIZ8 [SPBFUT],240,20180803,120000,113590.000000,114180.000000,113350.000000,113760.000000,27.000000
RIZ8 [SPBFUT],240,20180803,160000,113940.000000,113940.000000,113530.000000,113810.000000,17.000000
RIZ8 [SPBFUT],240,20180803,200000,113750.000000,113800.000000,113750.000000,113800.000000,3.000000
RIZ8 [SPBFUT],240,20180806,080000,113450.000000,114410.000000,113420.000000,114380.000000,25.000000
RIZ8 [SPBFUT],240,20180806,120000,114130.000000,114360.000000,112700.000000,113430.000000,129.000000
RIZ8 [SPBFUT],240,20180806,160000,113370.000000,113570.000000,113000.000000,113570.000000,38.000000
RIZ8 [SPBFUT],240,20180806,200000,113420.000000,113440.000000,113210.000000,113210.000000,5.000000
RIZ8 [SPBFUT],240,20180807,080000,113800.000000,114760.000000,113800.000000,114750.000000,47.000000
RIZ8 [SPBFUT],240,20180807,120000,114750.000000,114750.000000,114300.000000,114530.000000,116.000000
RIZ8 [SPBFUT],240,20180807,160000,114650.000000,114650.000000,114080.000000,114200.000000,12.000000
RIZ8 [SPBFUT],240,20180807,200000,113900.000000,114200.000000,113790.000000,114200.000000,16.000000
RIZ8 [SPBFUT],240,20180808,080000,114000.000000,114200.000000,112500.000000,112500.000000,145.000000
RIZ8 [SPBFUT],240,20180808,120000,112530.000000,112570.000000,110870.000000,111110.000000,438.000000
RIZ8 [SPBFUT],240,20180808,160000,111110.000000,111430.000000,110450.000000,110460.000000,459.000000
RIZ8 [SPBFUT],240,20180808,200000,110440.000000,111000.000000,109280.000000,109820.000000,362.000000
RIZ8 [SPBFUT],240,20180809,080000,109040.000000,109040.000000,107380.000000,108800.000000,544.000000
RIZ8 [SPBFUT],240,20180809,120000,108990.000000,109570.000000,108410.000000,109020.000000,208.000000
RIZ8 [SPBFUT],240,20180809,160000,109020.000000,109790.000000,108920.000000,109400.000000,95.000000
RIZ8 [SPBFUT],240,20180809,200000,109400.000000,109400.000000,108530.000000,108530.000000,46.000000
RIZ8 [SPBFUT],240,20180810,080000,108350.000000,108890.000000,107350.000000,108510.000000,74.000000
RIZ8 [SPBFUT],240,20180810,120000,108590.000000,109200.000000,107000.000000,107010.000000,165.000000
RIZ8 [SPBFUT],240,20180810,160000,106580.000000,106900.000000,105410.000000,105410.000000,434.000000
RIZ8 [SPBFUT],240,20180810,200000,105500.000000,105710.000000,105100.000000,105280.000000,50.000000
RIZ8 [SPBFUT],240,20180813,080000,105150.000000,106210.000000,103400.000000,106210.000000,258.000000
RIZ8 [SPBFUT],240,20180813,120000,106270.000000,106340.000000,104970.000000,105970.000000,349.000000
RIZ8 [SPBFUT],240,20180813,160000,105950.000000,106600.000000,104660.000000,105040.000000,287.000000
RIZ8 [SPBFUT],240,20180813,200000,104990.000000,106120.000000,104800.000000,106110.000000,107.000000
RIZ8 [SPBFUT],240,20180814,080000,106210.000000,108320.000000,106210.000000,107350.000000,227.000000
RIZ8 [SPBFUT],240,20180814,120000,107250.000000,107800.000000,106830.000000,107100.000000,94.000000
RIZ8 [SPBFUT],240,20180814,160000,107200.000000,107560.000000,106650.000000,107400.000000,1809.000000
RIZ8 [SPBFUT],240,20180814,200000,107320.000000,107850.000000,107100.000000,107650.000000,136.000000
RIZ8 [SPBFUT],240,20180815,080000,107550.000000,107560.000000,106240.000000,106240.000000,330.000000
RIZ8 [SPBFUT],240,20180815,120000,106200.000000,106200.000000,105000.000000,105300.000000,186.000000
RIZ8 [SPBFUT],240,20180815,160000,105200.000000,105400.000000,103800.000000,104810.000000,320.000000
RIZ8 [SPBFUT],240,20180815,200000,104950.000000,105250.000000,104700.000000,105150.000000,75.000000
RIZ8 [SPBFUT],240,20180816,080000,105400.000000,106300.000000,105180.000000,105900.000000,111.000000
RIZ8 [SPBFUT],240,20180816,120000,105800.000000,106000.000000,105000.000000,105000.000000,154.000000
RIZ8 [SPBFUT],240,20180816,160000,105100.000000,106150.000000,105000.000000,105550.000000,104.000000
RIZ8 [SPBFUT],240,20180816,200000,105450.000000,105820.000000,105000.000000,105280.000000,64.000000
RIZ8 [SPBFUT],240,20180817,080000,105400.000000,105910.000000,104850.000000,104850.000000,125.000000
RIZ8 [SPBFUT],240,20180817,120000,104750.000000,104750.000000,103770.000000,104500.000000,166.000000
RIZ8 [SPBFUT],240,20180817,160000,104400.000000,104800.000000,103950.000000,104400.000000,138.000000
RIZ8 [SPBFUT],240,20180817,200000,104500.000000,105950.000000,104500.000000,105820.000000,102.000000
RIZ8 [SPBFUT],240,20180820,080000,105600.000000,105850.000000,105350.000000,105750.000000,41.000000
RIZ8 [SPBFUT],240,20180820,120000,105600.000000,105950.000000,105280.000000,105600.000000,180.000000
RIZ8 [SPBFUT],240,20180820,160000,105510.000000,105780.000000,105150.000000,105770.000000,52.000000
RIZ8 [SPBFUT],240,20180820,200000,105700.000000,105910.000000,105610.000000,105650.000000,20.000000
RIZ8 [SPBFUT],240,20180821,080000,105850.000000,106530.000000,104500.000000,105400.000000,357.000000
RIZ8 [SPBFUT],240,20180821,120000,105300.000000,105300.000000,104710.000000,105100.000000,231.000000
RIZ8 [SPBFUT],240,20180821,160000,105160.000000,106790.000000,105160.000000,106740.000000,574.000000
RIZ8 [SPBFUT],240,20180821,200000,106750.000000,107000.000000,106460.000000,106700.000000,77.000000
RIZ8 [SPBFUT],240,20180822,080000,106500.000000,106500.000000,105660.000000,106140.000000,126.000000
RIZ8 [SPBFUT],240,20180822,120000,106000.000000,106150.000000,104600.000000,104600.000000,221.000000
RIZ8 [SPBFUT],240,20180822,160000,104550.000000,105700.000000,104010.000000,104500.000000,257.000000
RIZ8 [SPBFUT],240,20180822,200000,104650.000000,105400.000000,104530.000000,105250.000000,91.000000
RIZ8 [SPBFUT],240,20180823,080000,105000.000000,105110.000000,104000.000000,104350.000000,404.000000
RIZ8 [SPBFUT],240,20180823,120000,104460.000000,105600.000000,103250.000000,105390.000000,565.000000
RIZ8 [SPBFUT],240,20180823,160000,105500.000000,105800.000000,103320.000000,103800.000000,549.000000
RIZ8 [SPBFUT],240,20180823,200000,103700.000000,104120.000000,103400.000000,103400.000000,130.000000
RIZ8 [SPBFUT],240,20180824,080000,103550.000000,104750.000000,103120.000000,103850.000000,354.000000
RIZ8 [SPBFUT],240,20180824,120000,103850.000000,105000.000000,103450.000000,104550.000000,318.000000
RIZ8 [SPBFUT],240,20180824,160000,104600.000000,106200.000000,104450.000000,106030.000000,245.000000
RIZ8 [SPBFUT],240,20180824,200000,105850.000000,106200.000000,105600.000000,106150.000000,66.000000
RIZ8 [SPBFUT],240,20180827,080000,105880.000000,106650.000000,105880.000000,106530.000000,113.000000
RIZ8 [SPBFUT],240,20180827,120000,106500.000000,107250.000000,106200.000000,107050.000000,103.000000
RIZ8 [SPBFUT],240,20180827,160000,107080.000000,107550.000000,106800.000000,107400.000000,131.000000
RIZ8 [SPBFUT],240,20180827,200000,107350.000000,107350.000000,106750.000000,107050.000000,303.000000
RIZ8 [SPBFUT],240,20180828,080000,107090.000000,107600.000000,107090.000000,107150.000000,66.000000
RIZ8 [SPBFUT],240,20180828,120000,107350.000000,107620.000000,106940.000000,107100.000000,175.000000
RIZ8 [SPBFUT],240,20180828,160000,107250.000000,107450.000000,106210.000000,106350.000000,114.000000
RIZ8 [SPBFUT],240,20180828,200000,106510.000000,106510.000000,106170.000000,106400.000000,35.000000
RIZ8 [SPBFUT],240,20180829,080000,106430.000000,107390.000000,106000.000000,107150.000000,203.000000
RIZ8 [SPBFUT],240,20180829,120000,107100.000000,107450.000000,106780.000000,107400.000000,426.000000
RIZ8 [SPBFUT],240,20180829,160000,107250.000000,108090.000000,106950.000000,108090.000000,254.000000
RIZ8 [SPBFUT],240,20180829,200000,108150.000000,108330.000000,108000.000000,108300.000000,80.000000
RIZ8 [SPBFUT],240,20180830,080000,108150.000000,108260.000000,107250.000000,107350.000000,312.000000
RIZ8 [SPBFUT],240,20180830,120000,107400.000000,107890.000000,106950.000000,107400.000000,350.000000
RIZ8 [SPBFUT],240,20180830,160000,107250.000000,107310.000000,106050.000000,106380.000000,377.000000
RIZ8 [SPBFUT],240,20180830,200000,106500.000000,106500.000000,105790.000000,106100.000000,121.000000
RIZ8 [SPBFUT],240,20180831,080000,106150.000000,106660.000000,105910.000000,106120.000000,178.000000
RIZ8 [SPBFUT],240,20180831,120000,106200.000000,107440.000000,106200.000000,107020.000000,160.000000
RIZ8 [SPBFUT],240,20180831,160000,107250.000000,108600.000000,106950.000000,107930.000000,713.000000
RIZ8 [SPBFUT],240,20180831,200000,108000.000000,108400.000000,107940.000000,108100.000000,118.000000
RIZ8 [SPBFUT],240,20180903,080000,107900.000000,108290.000000,107650.000000,107680.000000,421.000000
RIZ8 [SPBFUT],240,20180903,120000,107710.000000,107770.000000,107370.000000,107650.000000,185.000000
RIZ8 [SPBFUT],240,20180903,160000,107660.000000,107790.000000,107200.000000,107570.000000,193.000000
RIZ8 [SPBFUT],240,20180903,200000,107680.000000,107790.000000,107560.000000,107620.000000,23.000000
RIZ8 [SPBFUT],240,20180904,080000,107580.000000,107800.000000,107210.000000,107270.000000,332.000000
RIZ8 [SPBFUT],240,20180904,120000,107240.000000,107350.000000,106590.000000,106740.000000,552.000000
RIZ8 [SPBFUT],240,20180904,160000,106800.000000,107090.000000,106400.000000,106950.000000,304.000000
RIZ8 [SPBFUT],240,20180904,200000,107000.000000,107050.000000,106340.000000,106680.000000,152.000000
RIZ8 [SPBFUT],240,20180905,080000,106550.000000,106600.000000,106040.000000,106340.000000,404.000000
RIZ8 [SPBFUT],240,20180905,120000,106350.000000,106890.000000,106260.000000,106610.000000,715.000000
RIZ8 [SPBFUT],240,20180905,160000,106580.000000,106850.000000,106020.000000,106250.000000,432.000000
RIZ8 [SPBFUT],240,20180905,200000,106260.000000,106520.000000,106200.000000,106300.000000,48.000000
RIZ8 [SPBFUT],240,20180906,080000,106200.000000,106670.000000,105820.000000,106520.000000,735.000000
RIZ8 [SPBFUT],240,20180906,120000,106570.000000,106850.000000,106120.000000,106250.000000,2838.000000
RIZ8 [SPBFUT],240,20180906,160000,106300.000000,106300.000000,104110.000000,104300.000000,2860.000000
RIZ8 [SPBFUT],240,20180906,200000,104290.000000,104780.000000,104290.000000,104640.000000,285.000000
RIZ8 [SPBFUT],240,20180907,080000,104750.000000,105200.000000,104320.000000,104700.000000,914.000000
RIZ8 [SPBFUT],240,20180907,120000,104730.000000,104880.000000,103790.000000,103960.000000,1431.000000
RIZ8 [SPBFUT],240,20180907,160000,103920.000000,104570.000000,103570.000000,103800.000000,1360.000000
RIZ8 [SPBFUT],240,20180907,200000,103750.000000,103800.000000,103550.000000,103710.000000,359.000000
RIZ8 [SPBFUT],240,20180910,080000,103750.000000,104290.000000,103680.000000,103970.000000,2395.000000
RIZ8 [SPBFUT],240,20180910,120000,103930.000000,103960.000000,103080.000000,103280.000000,1955.000000
RIZ8 [SPBFUT],240,20180910,160000,103280.000000,103490.000000,102910.000000,103090.000000,2133.000000
RIZ8 [SPBFUT],240,20180910,200000,103110.000000,103300.000000,102680.000000,102680.000000,676.000000
RIZ8 [SPBFUT],240,20180911,080000,103300.000000,104700.000000,103300.000000,104340.000000,3493.000000
RIZ8 [SPBFUT],240,20180911,120000,104340.000000,104360.000000,103040.000000,103330.000000,2298.000000
RIZ8 [SPBFUT],240,20180911,160000,103290.000000,104810.000000,103120.000000,104650.000000,2654.000000
RIZ8 [SPBFUT],240,20180911,200000,104680.000000,105200.000000,104340.000000,105200.000000,996.000000
RIZ8 [SPBFUT],240,20180912,080000,104910.000000,105490.000000,104750.000000,105290.000000,3088.000000
RIZ8 [SPBFUT],240,20180912,120000,105300.000000,106000.000000,104800.000000,105740.000000,5996.000000
RIZ8 [SPBFUT],240,20180912,160000,105810.000000,106550.000000,105280.000000,105960.000000,4097.000000
RIZ8 [SPBFUT],240,20180912,200000,105870.000000,106300.000000,105800.000000,105970.000000,761.000000
RIZ8 [SPBFUT],240,20180913,080000,105890.000000,107150.000000,105890.000000,107030.000000,3351.000000
RIZ8 [SPBFUT],240,20180913,120000,107020.000000,108270.000000,106980.000000,108180.000000,5192.000000
RIZ8 [SPBFUT],240,20180913,160000,108200.000000,108740.000000,106770.000000,107270.000000,8404.000000
RIZ8 [SPBFUT],240,20180913,200000,107320.000000,107660.000000,107110.000000,107280.000000,952.000000
RIZ8 [SPBFUT],240,20180914,080000,107290.000000,108260.000000,106960.000000,107100.000000,4231.000000
RIZ8 [SPBFUT],240,20180914,120000,107070.000000,108450.000000,106910.000000,108200.000000,6143.000000
RIZ8 [SPBFUT],240,20180914,160000,108220.000000,108630.000000,107710.000000,107950.000000,4604.000000
RIZ8 [SPBFUT],240,20180914,200000,107910.000000,108400.000000,107820.000000,108310.000000,1481.000000
RIZ8 [SPBFUT],240,20180917,080000,108230.000000,108380.000000,107350.000000,107460.000000,7113.000000
RIZ8 [SPBFUT],240,20180917,120000,107460.000000,108330.000000,107340.000000,108270.000000,7970.000000
RIZ8 [SPBFUT],240,20180917,160000,108270.000000,108690.000000,108140.000000,108530.000000,13730.000000
RIZ8 [SPBFUT],240,20180917,200000,108530.000000,108650.000000,108320.000000,108440.000000,3862.000000
RIZ8 [SPBFUT],240,20180918,080000,108440.000000,109590.000000,108440.000000,109400.000000,27010.000000
RIZ8 [SPBFUT],240,20180918,120000,109380.000000,110320.000000,109300.000000,110220.000000,42798.000000
RIZ8 [SPBFUT],240,20180918,160000,110220.000000,110610.000000,109900.000000,110170.000000,39204.000000
RIZ8 [SPBFUT],240,20180918,200000,110200.000000,110640.000000,110020.000000,110350.000000,5451.000000
RIZ8 [SPBFUT],240,20180919,080000,110590.000000,112140.000000,110590.000000,112050.000000,48768.000000
RIZ8 [SPBFUT],240,20180919,120000,112060.000000,112090.000000,111390.000000,111600.000000,72805.000000
RIZ8 [SPBFUT],240,20180919,160000,111600.000000,112140.000000,111540.000000,112020.000000,43113.000000
RIZ8 [SPBFUT],240,20180919,200000,112020.000000,112090.000000,111650.000000,111960.000000,12894.000000
RIZ8 [SPBFUT],240,20180920,080000,112090.000000,113170.000000,111950.000000,112940.000000,90596.000000
RIZ8 [SPBFUT],240,20180920,120000,112950.000000,114060.000000,112620.000000,113220.000000,240627.000000
RIZ8 [SPBFUT],240,20180920,160000,113230.000000,113510.000000,112350.000000,112500.000000,119213.000000
RIZ8 [SPBFUT],240,20180920,200000,112490.000000,112760.000000,112370.000000,112690.000000,28333.000000
RIZ8 [SPBFUT],240,20180921,080000,112690.000000,113390.000000,112350.000000,113200.000000,82655.000000
RIZ8 [SPBFUT],240,20180921,120000,113210.000000,113250.000000,112420.000000,112560.000000,87003.000000
RIZ8 [SPBFUT],240,20180921,160000,112560.000000,113390.000000,112240.000000,113050.000000,133844.000000
RIZ8 [SPBFUT],240,20180921,200000,113070.000000,113710.000000,112970.000000,113500.000000,20454.000000
RIZ8 [SPBFUT],240,20180924,080000,113640.000000,115200.000000,113640.000000,114340.000000,72551.000000
RIZ8 [SPBFUT],240,20180924,120000,114340.000000,114710.000000,114050.000000,114140.000000,74750.000000
RIZ8 [SPBFUT],240,20180924,160000,114130.000000,115080.000000,114110.000000,114980.000000,92092.000000
RIZ8 [SPBFUT],240,20180924,200000,115000.000000,115540.000000,114930.000000,115290.000000,28473.000000
RIZ8 [SPBFUT],240,20180925,080000,115350.000000,115740.000000,114220.000000,114840.000000,98259.000000
RIZ8 [SPBFUT],240,20180925,120000,114840.000000,115670.000000,114640.000000,115250.000000,106467.000000
RIZ8 [SPBFUT],240,20180925,160000,115250.000000,115830.000000,115030.000000,115560.000000,109856.000000
RIZ8 [SPBFUT],240,20180925,200000,115560.000000,115730.000000,115420.000000,115490.000000,22213.000000
RIZ8 [SPBFUT],240,20180926,080000,115560.000000,116190.000000,115080.000000,115250.000000,86369.000000
RIZ8 [SPBFUT],240,20180926,120000,115240.000000,115270.000000,114230.000000,114400.000000,121200.000000
RIZ8 [SPBFUT],240,20180926,160000,114410.000000,115100.000000,114380.000000,114830.000000,85996.000000
RIZ8 [SPBFUT],240,20180926,200000,114840.000000,115430.000000,113960.000000,114280.000000,82498.000000
RIZ8 [SPBFUT],240,20180927,080000,114280.000000,115790.000000,114200.000000,115790.000000,110505.000000
RIZ8 [SPBFUT],240,20180927,120000,115790.000000,116930.000000,115660.000000,116700.000000,148129.000000
RIZ8 [SPBFUT],240,20180927,160000,116710.000000,117720.000000,116410.000000,117530.000000,143050.000000
RIZ8 [SPBFUT],240,20180927,200000,117530.000000,117640.000000,116960.000000,117050.000000,39202.000000
RIZ8 [SPBFUT],240,20180928,080000,116980.000000,117650.000000,116300.000000,117620.000000,97059.000000
RIZ8 [SPBFUT],240,20180928,120000,117600.000000,117620.000000,116350.000000,117150.000000,117087.000000
RIZ8 [SPBFUT],240,20180928,160000,117160.000000,118350.000000,116540.000000,118030.000000,136215.000000
RIZ8 [SPBFUT],240,20180928,200000,118020.000000,118100.000000,117430.000000,117680.000000,28879.000000
RIZ8 [SPBFUT],240,20181001,080000,117740.000000,118800.000000,117650.000000,118410.000000,80760.000000
RIZ8 [SPBFUT],240,20181001,120000,118410.000000,118450.000000,117630.000000,117680.000000,101442.000000
RIZ8 [SPBFUT],240,20181001,160000,117690.000000,118630.000000,116910.000000,118250.000000,155982.000000
RIZ8 [SPBFUT],240,20181001,200000,118260.000000,119250.000000,118200.000000,119250.000000,44095.000000
RIZ8 [SPBFUT],240,20181002,080000,119190.000000,119190.000000,117150.000000,117310.000000,110842.000000
RIZ8 [SPBFUT],240,20181002,120000,117310.000000,117990.000000,116840.000000,117760.000000,133691.000000
RIZ8 [SPBFUT],240,20181002,160000,117760.000000,117850.000000,116470.000000,116970.000000,158632.000000
RIZ8 [SPBFUT],240,20181002,200000,116960.000000,117380.000000,116720.000000,116970.000000,29216.000000
RIZ8 [SPBFUT],240,20181003,080000,117000.000000,118460.000000,117000.000000,118210.000000,99901.000000
RIZ8 [SPBFUT],240,20181003,120000,118200.000000,118800.000000,117890.000000,118470.000000,124541.000000
RIZ8 [SPBFUT],240,20181003,160000,118480.000000,119220.000000,117610.000000,118480.000000,206550.000000
RIZ8 [SPBFUT],240,20181003,200000,118470.000000,118980.000000,117540.000000,117910.000000,72130.000000
RIZ8 [SPBFUT],240,20181004,080000,117890.000000,117970.000000,116740.000000,117230.000000,139761.000000
RIZ8 [SPBFUT],240,20181004,120000,117240.000000,117300.000000,115810.000000,116000.000000,175243.000000
RIZ8 [SPBFUT],240,20181004,160000,116010.000000,116360.000000,114660.000000,114860.000000,194671.000000
RIZ8 [SPBFUT],240,20181004,200000,114880.000000,114920.000000,114250.000000,114290.000000,81464.000000
RIZ8 [SPBFUT],240,20181005,080000,114310.000000,115680.000000,114250.000000,114480.000000,135249.000000
RIZ8 [SPBFUT],240,20181005,120000,114470.000000,115760.000000,114340.000000,115320.000000,191330.000000
RIZ8 [SPBFUT],240,20181005,160000,115340.000000,115950.000000,114750.000000,115030.000000,157154.000000
RIZ8 [SPBFUT],240,20181005,200000,115020.000000,116320.000000,114830.000000,116310.000000,46699.000000
RIZ8 [SPBFUT],240,20181008,080000,116270.000000,116270.000000,114320.000000,114520.000000,106931.000000
RIZ8 [SPBFUT],240,20181008,120000,114510.000000,114820.000000,114080.000000,114390.000000,102967.000000
RIZ8 [SPBFUT],240,20181008,160000,114400.000000,116060.000000,114170.000000,115430.000000,146567.000000
RIZ8 [SPBFUT],240,20181008,200000,115430.000000,116290.000000,115370.000000,116060.000000,38952.000000
RIZ8 [SPBFUT],240,20181009,080000,116090.000000,117030.000000,116090.000000,117010.000000,98678.000000
RIZ8 [SPBFUT],240,20181009,120000,117010.000000,117020.000000,115200.000000,115640.000000,141935.000000
RIZ8 [SPBFUT],240,20181009,160000,115620.000000,116030.000000,114960.000000,115630.000000,153085.000000
RIZ8 [SPBFUT],240,20181009,200000,115610.000000,116370.000000,115470.000000,116000.000000,43582.000000
RIZ8 [SPBFUT],240,20181010,080000,116080.000000,116480.000000,114600.000000,115000.000000,130273.000000
RIZ8 [SPBFUT],240,20181010,120000,114990.000000,116430.000000,114880.000000,115370.000000,153282.000000
RIZ8 [SPBFUT],240,20181010,160000,115380.000000,115440.000000,113230.000000,113560.000000,223610.000000
RIZ8 [SPBFUT],240,20181010,200000,113550.000000,113710.000000,112050.000000,112070.000000,99445.000000
RIZ8 [SPBFUT],240,20181011,080000,112130.000000,112580.000000,111200.000000,111250.000000,189053.000000
RIZ8 [SPBFUT],240,20181011,120000,111250.000000,112800.000000,111000.000000,112510.000000,208471.000000
RIZ8 [SPBFUT],240,20181011,160000,112510.000000,113480.000000,111570.000000,113200.000000,295091.000000
RIZ8 [SPBFUT],240,20181011,200000,113190.000000,113410.000000,111940.000000,113020.000000,130028.000000
RIZ8 [SPBFUT],240,20181012,080000,113030.000000,114420.000000,113030.000000,114300.000000,122649.000000
RIZ8 [SPBFUT],240,20181012,120000,114290.000000,114930.000000,114130.000000,114170.000000,130465.000000
RIZ8 [SPBFUT],240,20181012,160000,114160.000000,114580.000000,113430.000000,113860.000000,172766.000000
RIZ8 [SPBFUT],240,20181012,200000,113850.000000,115330.000000,113720.000000,115160.000000,89985.000000
RIZ8 [SPBFUT],240,20181015,080000,115180.000000,115720.000000,114020.000000,114370.000000,111356.000000
RIZ8 [SPBFUT],240,20181015,120000,114370.000000,115100.000000,113960.000000,114950.000000,108577.000000
RIZ8 [SPBFUT],240,20181015,160000,114950.000000,115090.000000,113680.000000,114810.000000,169075.000000
RIZ8 [SPBFUT],240,20181015,200000,114830.000000,115290.000000,114180.000000,114530.000000,49750.000000
RIZ8 [SPBFUT],240,20181016,080000,114540.000000,115260.000000,114390.000000,115020.000000,78566.000000
RIZ8 [SPBFUT],240,20181016,120000,115030.000000,115130.000000,114250.000000,114890.000000,95851.000000
RIZ8 [SPBFUT],240,20181016,160000,114890.000000,116990.000000,114850.000000,116570.000000,210813.000000
RIZ8 [SPBFUT],240,20181016,200000,116570.000000,117500.000000,116560.000000,117320.000000,47003.000000
RIZ8 [SPBFUT],240,20181017,080000,117280.000000,117690.000000,116550.000000,116670.000000,85404.000000
RIZ8 [SPBFUT],240,20181017,120000,116670.000000,116700.000000,115370.000000,115770.000000,126936.000000
RIZ8 [SPBFUT],240,20181017,160000,115770.000000,116540.000000,115230.000000,116030.000000,168064.000000
RIZ8 [SPBFUT],240,20181017,200000,116040.000000,116200.000000,115400.000000,115890.000000,47230.000000
RIZ8 [SPBFUT],240,20181018,080000,115740.000000,115740.000000,114860.000000,115030.000000,79654.000000
RIZ8 [SPBFUT],240,20181018,120000,115050.000000,115650.000000,114060.000000,114220.000000,119073.000000
RIZ8 [SPBFUT],240,20181018,160000,114220.000000,114630.000000,113600.000000,113750.000000,158028.000000
RIZ8 [SPBFUT],240,20181018,200000,113740.000000,113870.000000,113050.000000,113500.000000,82267.000000
RIZ8 [SPBFUT],240,20181019,080000,113540.000000,114270.000000,112650.000000,113130.000000,145370.000000
RIZ8 [SPBFUT],240,20181019,120000,113130.000000,114040.000000,113120.000000,113520.000000,110513.000000
RIZ8 [SPBFUT],240,20181019,160000,113520.000000,114280.000000,112210.000000,112610.000000,223803.000000
RIZ8 [SPBFUT],240,20181019,200000,112610.000000,113510.000000,112130.000000,112590.000000,75797.000000
RIZ8 [SPBFUT],240,20181022,080000,112650.000000,113850.000000,112650.000000,112900.000000,106825.000000
RIZ8 [SPBFUT],240,20181022,120000,112920.000000,113960.000000,112660.000000,113260.000000,113912.000000
RIZ8 [SPBFUT],240,20181022,160000,113260.000000,113550.000000,111220.000000,111460.000000,194071.000000
RIZ8 [SPBFUT],240,20181022,200000,111460.000000,111970.000000,111430.000000,111650.000000,43766.000000
RIZ8 [SPBFUT],240,20181023,080000,111650.000000,111650.000000,110280.000000,110610.000000,129174.000000
RIZ8 [SPBFUT],240,20181023,120000,110600.000000,111710.000000,110110.000000,111590.000000,162030.000000
RIZ8 [SPBFUT],240,20181023,160000,111590.000000,111600.000000,110170.000000,111260.000000,241488.000000
RIZ8 [SPBFUT],240,20181023,200000,111260.000000,112450.000000,111260.000000,111910.000000,105159.000000
RIZ8 [SPBFUT],240,20181024,080000,111790.000000,112130.000000,110710.000000,110930.000000,129445.000000
RIZ8 [SPBFUT],240,20181024,120000,110940.000000,113380.000000,110640.000000,113110.000000,242360.000000
RIZ8 [SPBFUT],240,20181024,160000,113110.000000,113500.000000,111970.000000,113020.000000,213562.000000
RIZ8 [SPBFUT],240,20181024,200000,113020.000000,113030.000000,110780.000000,111040.000000,114634.000000
RIZ8 [SPBFUT],240,20181025,080000,111070.000000,111990.000000,110400.000000,111900.000000,136489.000000
RIZ8 [SPBFUT],240,20181025,120000,111890.000000,112070.000000,110340.000000,110650.000000,168299.000000
RIZ8 [SPBFUT],240,20181025,160000,110640.000000,112210.000000,110320.000000,112120.000000,214338.000000
RIZ8 [SPBFUT],240,20181025,200000,112140.000000,112280.000000,111710.000000,111800.000000,49117.000000
RIZ8 [SPBFUT],240,20181026,080000,111760.000000,111760.000000,109800.000000,110000.000000,146146.000000
RIZ8 [SPBFUT],240,20181026,120000,110010.000000,110030.000000,109050.000000,109140.000000,186504.000000
RIZ8 [SPBFUT],240,20181026,160000,109140.000000,110160.000000,108610.000000,109750.000000,220992.000000
RIZ8 [SPBFUT],240,20181026,200000,109740.000000,110000.000000,109300.000000,109790.000000,79437.000000
RIZ8 [SPBFUT],240,20181029,080000,109720.000000,110590.000000,109120.000000,110500.000000,114612.000000
RIZ8 [SPBFUT],240,20181029,120000,110490.000000,111470.000000,110230.000000,111070.000000,133982.000000
RIZ8 [SPBFUT],240,20181029,160000,111090.000000,111260.000000,110070.000000,110230.000000,142396.000000
RIZ8 [SPBFUT],240,20181029,200000,110230.000000,110730.000000,108940.000000,109730.000000,111607.000000
RIZ8 [SPBFUT],240,20181030,080000,109750.000000,110750.000000,109750.000000,110380.000000,90592.000000
RIZ8 [SPBFUT],240,20181030,120000,110390.000000,110920.000000,109860.000000,109920.000000,126564.000000
RIZ8 [SPBFUT],240,20181030,160000,109920.000000,110610.000000,109180.000000,110250.000000,202945.000000
RIZ8 [SPBFUT],240,20181030,200000,110230.000000,111180.000000,109920.000000,111000.000000,83040.000000
RIZ8 [SPBFUT],240,20181031,080000,111000.000000,112200.000000,111000.000000,111990.000000,109817.000000
RIZ8 [SPBFUT],240,20181031,120000,111990.000000,112040.000000,111460.000000,111730.000000,118400.000000
RIZ8 [SPBFUT],240,20181031,160000,111730.000000,112480.000000,111540.000000,112270.000000,179087.000000
RIZ8 [SPBFUT],240,20181031,200000,112270.000000,112630.000000,111930.000000,112080.000000,60022.000000
RIZ8 [SPBFUT],240,20181101,080000,112090.000000,112840.000000,111830.000000,112620.000000,97567.000000
RIZ8 [SPBFUT],240,20181101,120000,112610.000000,112630.000000,111540.000000,111680.000000,138317.000000
RIZ8 [SPBFUT],240,20181101,160000,111670.000000,113310.000000,111650.000000,113240.000000,197985.000000
RIZ8 [SPBFUT],240,20181101,200000,113240.000000,113250.000000,112710.000000,112940.000000,42181.000000
RIZ8 [SPBFUT],240,20181102,080000,112940.000000,114060.000000,112940.000000,114020.000000,96103.000000
RIZ8 [SPBFUT],240,20181102,120000,114030.000000,114110.000000,113470.000000,113680.000000,114512.000000
RIZ8 [SPBFUT],240,20181102,160000,113680.000000,113730.000000,112540.000000,112690.000000,164353.000000
RIZ8 [SPBFUT],240,20181102,200000,112680.000000,113430.000000,112580.000000,113310.000000,49633.000000
RIZ8 [SPBFUT],240,20181106,080000,113400.000000,114680.000000,113400.000000,114610.000000,88584.000000
RIZ8 [SPBFUT],240,20181106,120000,114600.000000,114900.000000,114210.000000,114790.000000,87450.000000
RIZ8 [SPBFUT],240,20181106,160000,114790.000000,115160.000000,114390.000000,114550.000000,109665.000000
RIZ8 [SPBFUT],240,20181106,200000,114560.000000,114970.000000,114470.000000,114700.000000,30397.000000
RIZ8 [SPBFUT],240,20181107,080000,114650.000000,114880.000000,113640.000000,114680.000000,113331.000000
RIZ8 [SPBFUT],240,20181107,120000,114680.000000,116320.000000,114630.000000,115620.000000,203425.000000
RIZ8 [SPBFUT],240,20181107,160000,115630.000000,116230.000000,115510.000000,116100.000000,120338.000000
RIZ8 [SPBFUT],240,20181107,200000,116100.000000,116390.000000,115870.000000,115980.000000,35970.000000
RIZ8 [SPBFUT],240,20181108,080000,115980.000000,116560.000000,115380.000000,116460.000000,105709.000000
RIZ8 [SPBFUT],240,20181108,120000,116460.000000,116460.000000,115010.000000,115310.000000,144570.000000
RIZ8 [SPBFUT],240,20181108,160000,115310.000000,115960.000000,114850.000000,114900.000000,133372.000000
RIZ8 [SPBFUT],240,20181108,200000,114900.000000,114970.000000,113530.000000,113780.000000,79448.000000
RIZ8 [SPBFUT],240,20181109,080000,113830.000000,114090.000000,112980.000000,113040.000000,99252.000000
RIZ8 [SPBFUT],240,20181109,120000,113040.000000,113340.000000,111100.000000,111500.000000,192362.000000
RIZ8 [SPBFUT],240,20181109,160000,111500.000000,111840.000000,110920.000000,111350.000000,162719.000000
RIZ8 [SPBFUT],240,20181109,200000,111340.000000,111540.000000,111030.000000,111110.000000,58321.000000
RIZ8 [SPBFUT],240,20181112,080000,111190.000000,112730.000000,111190.000000,112430.000000,104130.000000
RIZ8 [SPBFUT],240,20181112,120000,112420.000000,112580.000000,111730.000000,111840.000000,104631.000000
RIZ8 [SPBFUT],240,20181112,160000,111850.000000,111990.000000,110470.000000,110960.000000,129940.000000
RIZ8 [SPBFUT],240,20181112,200000,110950.000000,111330.000000,110310.000000,110340.000000,71885.000000
RIZ8 [SPBFUT],240,20181113,080000,110480.000000,111360.000000,110370.000000,110500.000000,113735.000000
RIZ8 [SPBFUT],240,20181113,120000,110490.000000,111470.000000,110160.000000,111060.000000,172166.000000
RIZ8 [SPBFUT],240,20181113,160000,111060.000000,111590.000000,109800.000000,110800.000000,197282.000000
RIZ8 [SPBFUT],240,20181113,200000,110800.000000,111120.000000,108910.000000,109350.000000,130383.000000
RIZ8 [SPBFUT],240,20181114,080000,109390.000000,109710.000000,108680.000000,108700.000000,141949.000000
RIZ8 [SPBFUT],240,20181114,120000,108700.000000,110400.000000,108430.000000,110240.000000,197827.000000
RIZ8 [SPBFUT],240,20181114,160000,110250.000000,111800.000000,110170.000000,111410.000000,208357.000000
RIZ8 [SPBFUT],240,20181114,200000,111410.000000,111920.000000,110650.000000,111820.000000,104714.000000
RIZ8 [SPBFUT],240,20181115,080000,111880.000000,113200.000000,111880.000000,112570.000000,128698.000000
RIZ8 [SPBFUT],240,20181115,120000,112580.000000,113150.000000,111970.000000,113000.000000,166109.000000
RIZ8 [SPBFUT],240,20181115,160000,113000.000000,113550.000000,112350.000000,113410.000000,232924.000000
RIZ8 [SPBFUT],240,20181115,200000,113410.000000,114050.000000,113230.000000,113700.000000,87765.000000
RIZ8 [SPBFUT],240,20181116,080000,113750.000000,114340.000000,113270.000000,113690.000000,95966.000000
RIZ8 [SPBFUT],240,20181116,120000,113690.000000,113940.000000,112730.000000,113030.000000,123881.000000
RIZ8 [SPBFUT],240,20181116,160000,113030.000000,113560.000000,112240.000000,112490.000000,133623.000000
RIZ8 [SPBFUT],240,20181116,200000,112500.000000,113490.000000,112250.000000,113400.000000,60883.000000
RIZ8 [SPBFUT],240,20181119,080000,113360.000000,114000.000000,113160.000000,113940.000000,86379.000000
RIZ8 [SPBFUT],240,20181119,120000,113940.000000,114110.000000,113340.000000,113770.000000,106705.000000
RIZ8 [SPBFUT],240,20181119,160000,113770.000000,114080.000000,112670.000000,112790.000000,144616.000000
RIZ8 [SPBFUT],240,20181119,200000,112790.000000,113860.000000,112610.000000,113680.000000,75460.000000
RIZ8 [SPBFUT],240,20181120,080000,113560.000000,113560.000000,112240.000000,112280.000000,99233.000000
RIZ8 [SPBFUT],240,20181120,120000,112280.000000,113320.000000,112140.000000,112940.000000,118962.000000
RIZ8 [SPBFUT],240,20181120,160000,112940.000000,113000.000000,110270.000000,111300.000000,253142.000000
RIZ8 [SPBFUT],240,20181120,200000,111290.000000,111400.000000,110010.000000,110250.000000,92297.000000
RIZ8 [SPBFUT],240,20181121,080000,110310.000000,111800.000000,110310.000000,111770.000000,90433.000000
RIZ8 [SPBFUT],240,20181121,120000,111760.000000,112440.000000,111360.000000,112430.000000,125493.000000
RIZ8 [SPBFUT],240,20181121,160000,112430.000000,113530.000000,112240.000000,113380.000000,154096.000000
RIZ8 [SPBFUT],240,20181121,200000,113380.000000,113460.000000,112820.000000,112880.000000,43638.000000
RIZ8 [SPBFUT],240,20181122,080000,112920.000000,113300.000000,112360.000000,112570.000000,67349.000000
RIZ8 [SPBFUT],240,20181122,120000,112570.000000,113770.000000,112480.000000,113510.000000,102252.000000
RIZ8 [SPBFUT],240,20181122,160000,113520.000000,113760.000000,112950.000000,113090.000000,71680.000000
RIZ8 [SPBFUT],240,20181122,200000,113080.000000,113570.000000,113000.000000,113480.000000,16735.000000
RIZ8 [SPBFUT],240,20181123,080000,113450.000000,113450.000000,112440.000000,112640.000000,82283.000000
RIZ8 [SPBFUT],240,20181123,120000,112640.000000,112800.000000,111580.000000,112080.000000,120107.000000
RIZ8 [SPBFUT],240,20181123,160000,112100.000000,112110.000000,110700.000000,110770.000000,174122.000000
RIZ8 [SPBFUT],240,20181123,200000,110770.000000,111480.000000,110760.000000,111300.000000,35005.000000
RIZ8 [SPBFUT],240,20181126,080000,111280.000000,111280.000000,107530.000000,109190.000000,250809.000000
RIZ8 [SPBFUT],240,20181126,120000,109170.000000,109650.000000,108420.000000,108450.000000,151422.000000
RIZ8 [SPBFUT],240,20181126,160000,108430.000000,108830.000000,106750.000000,107900.000000,249166.000000
RIZ8 [SPBFUT],240,20181126,200000,107880.000000,108370.000000,107680.000000,108370.000000,45865.000000
RIZ8 [SPBFUT],240,20181127,080000,108380.000000,109880.000000,108130.000000,108970.000000,137482.000000
RIZ8 [SPBFUT],240,20181127,120000,108970.000000,109730.000000,108540.000000,108910.000000,173138.000000
RIZ8 [SPBFUT],240,20181127,160000,108910.000000,110340.000000,108760.000000,109520.000000,165930.000000
RIZ8 [SPBFUT],240,20181127,200000,109520.000000,109670.000000,108680.000000,109580.000000,66671.000000
RIZ8 [SPBFUT],240,20181128,080000,109590.000000,110470.000000,109590.000000,110050.000000,92505.000000
RIZ8 [SPBFUT],240,20181128,120000,110050.000000,111220.000000,109170.000000,110920.000000,179950.000000
RIZ8 [SPBFUT],240,20181128,160000,110920.000000,111400.000000,110450.000000,111200.000000,155404.000000
RIZ8 [SPBFUT],240,20181128,200000,111200.000000,113870.000000,111150.000000,112690.000000,185933.000000
RIZ8 [SPBFUT],240,20181129,080000,112700.000000,113520.000000,112340.000000,112630.000000,145328.000000
RIZ8 [SPBFUT],240,20181129,120000,112640.000000,114220.000000,112100.000000,113970.000000,208533.000000
RIZ8 [SPBFUT],240,20181129,160000,113970.000000,114630.000000,113350.000000,113590.000000,215500.000000
RIZ8 [SPBFUT],240,20181129,200000,113560.000000,113950.000000,113100.000000,113870.000000,63695.000000
RIZ8 [SPBFUT],240,20181130,080000,113770.000000,113770.000000,112570.000000,112700.000000,97876.000000
RIZ8 [SPBFUT],240,20181130,120000,112690.000000,112780.000000,111730.000000,112170.000000,133460.000000
RIZ8 [SPBFUT],240,20181130,160000,112160.000000,112630.000000,111480.000000,112270.000000,153846.000000
RIZ8 [SPBFUT],240,20181130,200000,112280.000000,112490.000000,111690.000000,112000.000000,50157.000000
RIZ8 [SPBFUT],240,20181203,080000,112120.000000,117390.000000,112120.000000,115570.000000,155233.000000
RIZ8 [SPBFUT],240,20181203,120000,115560.000000,115600.000000,114830.000000,115220.000000,101792.000000
RIZ8 [SPBFUT],240,20181203,160000,115220.000000,115700.000000,114680.000000,114860.000000,118482.000000
RIZ8 [SPBFUT],240,20181203,200000,114850.000000,115360.000000,114850.000000,115200.000000,40702.000000
RIZ8 [SPBFUT],240,20181204,080000,115150.000000,115830.000000,114810.000000,115750.000000,85227.000000
RIZ8 [SPBFUT],240,20181204,120000,115750.000000,115810.000000,115210.000000,115360.000000,95583.000000
RIZ8 [SPBFUT],240,20181204,160000,115370.000000,115390.000000,114500.000000,114670.000000,128671.000000
RIZ8 [SPBFUT],240,20181204,200000,114660.000000,114700.000000,113180.000000,113440.000000,122015.000000
RIZ8 [SPBFUT],240,20181205,080000,113460.000000,113970.000000,113030.000000,113910.000000,93145.000000
RIZ8 [SPBFUT],240,20181205,120000,113920.000000,114620.000000,113780.000000,114530.000000,102789.000000
RIZ8 [SPBFUT],240,20181205,160000,114510.000000,115290.000000,114170.000000,114840.000000,102144.000000
RIZ8 [SPBFUT],240,20181205,200000,114860.000000,115140.000000,114710.000000,115050.000000,29604.000000
RIZ8 [SPBFUT],240,20181206,080000,114930.000000,114930.000000,113130.000000,113240.000000,137490.000000
RIZ8 [SPBFUT],240,20181206,120000,113240.000000,113250.000000,111790.000000,112310.000000,200726.000000
RIZ8 [SPBFUT],240,20181206,160000,112310.000000,113330.000000,111740.000000,112700.000000,218381.000000
RIZ8 [SPBFUT],240,20181206,200000,112710.000000,113870.000000,112520.000000,113800.000000,92300.000000
RIZ8 [SPBFUT],240,20181207,080000,113720.000000,114340.000000,113070.000000,114140.000000,92039.000000
RIZ8 [SPBFUT],240,20181207,120000,114130.000000,114150.000000,113290.000000,113760.000000,116969.000000
RIZ8 [SPBFUT],240,20181207,160000,113760.000000,116060.000000,113720.000000,115010.000000,279553.000000
RIZ8 [SPBFUT],240,20181207,200000,115000.000000,115630.000000,114280.000000,114450.000000,97145.000000
RIZ8 [SPBFUT],240,20181210,080000,114440.000000,115400.000000,114000.000000,114300.000000,118550.000000
RIZ8 [SPBFUT],240,20181210,120000,114310.000000,114590.000000,113330.000000,113870.000000,147812.000000
RIZ8 [SPBFUT],240,20181210,160000,113870.000000,113990.000000,112370.000000,112580.000000,194896.000000
RIZ8 [SPBFUT],240,20181210,200000,112580.000000,113090.000000,112410.000000,113040.000000,66808.000000
RIZ8 [SPBFUT],240,20181211,080000,113040.000000,113580.000000,112340.000000,112550.000000,100395.000000
RIZ8 [SPBFUT],240,20181211,120000,112560.000000,113880.000000,112540.000000,113650.000000,118411.000000
RIZ8 [SPBFUT],240,20181211,160000,113650.000000,114040.000000,112400.000000,112720.000000,163909.000000
RIZ8 [SPBFUT],240,20181211,200000,112720.000000,112990.000000,112140.000000,112650.000000,83916.000000
RIZ8 [SPBFUT],240,20181212,080000,112800.000000,113480.000000,111800.000000,111970.000000,131855.000000
RIZ8 [SPBFUT],240,20181212,120000,111960.000000,112960.000000,111950.000000,112680.000000,131498.000000
RIZ8 [SPBFUT],240,20181212,160000,112690.000000,112990.000000,111840.000000,112270.000000,177867.000000
RIZ8 [SPBFUT],240,20181212,200000,112270.000000,112680.000000,111980.000000,112190.000000,68432.000000
RIZ8 [SPBFUT],240,20181213,080000,112220.000000,112760.000000,111910.000000,112500.000000,89701.000000
RIZ8 [SPBFUT],240,20181213,120000,112480.000000,112640.000000,111670.000000,111870.000000,124533.000000
RIZ8 [SPBFUT],240,20181213,160000,111880.000000,112790.000000,111620.000000,112280.000000,160785.000000
RIZ8 [SPBFUT],240,20181213,200000,112280.000000,112960.000000,112200.000000,112900.000000,56035.000000
RIZ8 [SPBFUT],240,20181214,080000,112880.000000,112880.000000,111220.000000,111230.000000,246242.000000
RIZ8 [SPBFUT],240,20181214,120000,111230.000000,111710.000000,111000.000000,111230.000000,122333.000000
RIZ8 [SPBFUT],240,20181214,160000,111230.000000,111590.000000,110460.000000,110640.000000,161936.000000
RIZ8 [SPBFUT],240,20181214,200000,110640.000000,110880.000000,110530.000000,110630.000000,40204.000000
